0.502112
0.269627
0.573921
0.58554
0.062493
0.135412
0.110819
0.798721
0.02593
0.620814
0.718084
0.09009
0.6017
0.079154
0.833146
0.079742
0.774634
0.108179
0.282036
0.973061
0.66214
0.675985
0.042004
0.646413
0.065679
0.520728
0.67325
0.881279
0.631071
0.032671
0.143164
0.658978
0.470414
0.367104
0.970608
0.358781
0.318173
0.108028
0.103108
0.164129
0.294954
0.404957
0.706434
0.974843
0.134696
0.139057
0.093888
0.647623
0.294516
0.339816
0.351725
0.442786
0.711144
0.769775
0.827502
0.142132
0.093868
0.322359
0.539708
0.420967
0.551155
0.63665
0.739936
0.706734
0.036549
0.122986
0.312906
0.937376
0.569227
0.414543
0.435039
0.344456
0.435518
0.112613
0.928859
0.629229
0.609955
0.577074
0.048374
0.674275
0.447889
0.42858
0.009652
0.238969
0.296424
0.375305
0.441215
0.923972
0.046407
0.954588
0.070411
0.058089
0.805433
0.788651
0.384833
0.060268
0.810316
0.993563
0.711921
0.260165
0.417176
0.451935
0.145238
0.122616
0.508288
0.762369
0.012532
0.314527
0.937073
0.812468
0.128527
0.077095
0.696054
0.08725
0.904492
0.921959
0.337376
0.021098
0.496999
0.756769
0.801406
0.928939
0.569872
0.163838
0.216223
0.311094
0.916183
0.704959
0.419217
0.616315
0.141249
0.806122
0.921796
0.868802
0.842954
0.987797
0.789145
0.917523
0.242285
0.949586
0.439225
0.449963
0.01487
0.292499
0.678662
0.327466
0.153366
0.467725
0.387916
0.245603
0.05091
0.877743
0.144086
0.200575
0.63747
0.923712
0.726943
0.751406
0.323745
0.192565
0.892248
0.607758
0.711394
0.907832
0.016159
0.644467
0.513719
0.230182
0.215471
0.046438
0.897519
0.986797
0.330704
0.921342
0.50469
0.933144
0.722501
0.382583
0.741261
0.706338
0.176531
0.801291
0.531874
0.216225
0.338065
0.653646
0.629361
0.338488
0.004643
0.148626
0.741873
0.42345
0.293686
0.611299
0.194176
0.314969
0.171671
0.418075
0.575017
0.285683
0.08244
0.132891
0.839123
0.538069
0.444456
0.377051
0.630201
0.695159
0.600285
0.880523
0.170438
0.010441
0.396306
0.108757
0.922349
0.863386
0.946646
0.836644
0.370394
0.475201
0.292554
0.050008
0.692684
0.678812
0.60688
0.595084
0.797152
0.007768
0.313109
0.067697
0.181945
0.330662
0.989307
0.536427
0.346387
0.750808
0.209627
0.8278
0.02671
0.515365
0.539445
0.266623
0.359851
0.233732
0.74497
0.960825
0.188985
0.791962
0.904109
0.947753
0.116025
0.968122
0.512617
0.777618
0.579217
0.902905
0.868039
0.399855
0.188026
0.260507
0.983665
0.539434
0.782877
0.126659
0.0357
0.102708
0.203913
0.433891
0.879092
0.536165
0.55078
0.978509
0.480915
0.476489
0.794558
0.899439
0.214936
0.476645
0.963296
0.825981
0.836997
0.070202
0.764231
0.76973
0.61803
0.944941
0.428599
0.235273
0.550021
0.536797
0.769062
0.954981
0.759979
0.926513
0.925128
0.11512
0.267901
0.523867
0.038529
0.933644
0.007004
0.658186
0.148395
0.974486
0.587924
0.858848
0.925135
0.638792
0.633334
0.305799
0.472317
0.860487
0.635408
0.657616
0.317425
0.151693
0.195782
0.223476
0.885212
0.792969
0.196123
0.235392
0.201504
0.143979
0.917183
0.798394
0.310622
0.762123
0.375143
0.948858
0.90621
0.259821
0.176325
0.134975
0.973124
0.605565
0.004784
0.3484
0.817093
0.879507
0.452055
0.082399
0.719274
0.331271
0.274283
0.269366
0.594367
0.955841
0.319196
0.359345
0.453851
0.702786
0.303869
0.741267
0.179983
0.864759
0.343938
0.779867
0.101549
0.153102
0.635897
0.843807
0.128983
0.461574
0.976371
0.834313
0.754281
0.343619
0.86568
0.888665
0.050288
0.784255
0.787791
0.129191
0.914241
0.934595
0.884693
0.555922
0.192081
0.095146
0.650463
0.43989
0.992894
0.383484
0.4588
0.864052
0.456934
0.202527
0.707473
0.380158
0.476037
0.837577
0.114159
0.102367
0.381846
0.253437
0.230346
0.942251
0.415097
0.43735
0.553455
0.104841
0.868339
0.439146
0.712069
0.411654
0.154811
0.596918
0.07513
0.494205
0.697768
0.304696
0.793187
0.410273
0.457462
0.078012
0.718262
0.775224
0.117011
0.603913
0.868625
0.072026
0.433809
0.923879
0.105741
0.406064
0.029683
0.891298
0.472886
0.604716
0.940876
0.569514
0.208404
0.226651
0.578039
0.292198
0.791293
0.742103
0.356755
0.694624
0.502798
0.872937
0.150722
0.142672
0.89492
0.840082
0.892586
0.63574
0.245196
0.055966
0.101501
0.440445
0.546876
0.620869
0.851851
0.423878
0.834557
0.834654
0.714173
0.298375
0.677594
0.819108
0.497164
0.764151
0.487063
0.261197
0.198771
0.84182
0.876784
0.233794
0.434691
0.523749
0.694898
0.027995
0.75424
0.241326
0.499701
0.939931
0.676369
0.544683
0.191926
0.995011
0.982736
0.82203
0.235394
0.663823
0.790076
0.847705
0.398918
0.726472
0.190711
0.441197
0.234582
0.575903
0.797914
0.543806
0.570993
0.41581
0.36192
0.575285
0.144818
0.005018
0.732742
0.019704
0.11992
0.827759
0.837538
0.807956
0.650599
0.828061
0.013149
0.213727
0.83395
0.1365
0.98851
0.660427
0.366073
0.538862
0.046987
0.048485
0.967816
0.788783
0.415315
0.955575
0.178008
0.250256
0.723643
0.336762
0.425573
0.770903
0.460291
0.157207
0.386664
0.13321
0.705206
0.727008
0.50893
0.908467
0.067668
0.375884
0.242246
0.046939
0.676669
0.504856
0.953727
0.077831
0.276488
0.982725
0.724568
0.363904
0.965339
0.317059
0.227214
0.458134
0.881546
0.022585
0.663615
0.2436
0.189604
0.134262
0.30879
0.20282
0.047516
0.868019
0.548626
0.859044
0.847215
0.019007
0.426861
0.159565
0.911427
0.805429
0.623382
0.329866
0.003232
0.515379
0.474467
0.51751
0.458628
0.494818
0.115339
0.36591
0.487808
0.726713
0.076336
0.510708
0.207418
0.494538
0.696273
0.875252
0.263947
0.397739
0.530025
0.556691
0.487478
0.292447
0.522078
0.040542
0.875402
0.567606
0.093801
0.459058
0.347275
0.53489
0.44939
0.617572
0.134873
0.610158
0.34392
0.553002
0.375588
0.394886
0.276687
0.459983
0.462653
0.727902
0.573956
0.922672
0.972315
0.270959
0.107515
0.524007
0.535882
0.216039
0.458844
0.069282
0.853716
0.257991
0.183506
0.857168
0.158566
0.062994
0.456282
0.658863
0.827247
0.081515
0.784837
0.324823
0.51252
0.703832
0.668165
0.228585
0.121141
0.436865
0.045792
0.078475
0.199377
0.99298
0.134688
0.98053
0.803901
0.924568
0.783076
0.019749
0.733843
0.71265
0.783786
0.041845
0.078843
0.023395
0.684547
0.763934
0.398334
0.183369
0.508569
0.82016
0.488867
0.792484
0.456013
0.857016
0.619156
0.793043
0.095399
0.3332
0.316595
0.24393
0.773756
0.250086
0.274394
0.510923
0.97527
0.641475
0.715039
0.577248
0.140434
0.285044
0.593656
0.702926
0.021153
0.762972
0.353961
0.71713
0.992027
0.695502
0.559823
0.814669
0.863951
0.698743
0.617065
0.845883
0.653469
0.376789
0.972987
0.738665
0.449726
0.448303
0.635199
0.871965
0.990639
0.928963
0.586695
0.932059
0.810862
0.14374
0.690703
0.026029
0.856348
0.226747
0.976697
0.601318
0.2738
0.681446
0.778072
0.025868
0.677999
0.520283
0.05231
0.520292
0.576026
0.480372
0.356086
0.501678
0.784557
0.820614
0.370603
0.298032
0.614947
0.245715
0.576562
0.623047
0.3205
0.573805
0.663508
0.16279
0.801325
0.86695
0.52489
0.119061
0.844399
0.877602
0.238061
0.578597
0.23992
0.829091
0.257495
0.132956
0.959787
0.744539
0.159892
0.260828
0.209994
0.766124
0.671408
0.602697
0.575968
0.165406
0.380143
0.407159
0.668347
0.035478
0.491067
0.108916
0.646433
0.976965
0.215962
0.210325
0.747519
0.442472
0.907536
0.381592
0.482524
0.787841
0.844723
0.969082
0.471837
0.493626
0.65528
0.906897
0.990017
0.466487
0.722149
0.363784
0.163945
0.807746
0.561656
0.325601
0.426273
0.945119
0.084462
0.712974
0.264486
0.5637
0.854282
0.564455
0.52561
0.343548
0.944756
0.2774
0.537586
0.113771
0.761433
0.891942
0.09056
0.666792
0.243706
0.927865
0.884795
0.141514
0.190618
0.339824
0.396665
0.580397
0.064811
0.743309
0.240147
0.993006
0.520513
0.181866
0.008461
0.017351
0.074289
0.355541
0.268988
0.060412
0.791378
0.411166
0.854317
0.620515
0.595818
0.107009
0.843242
0.346756
0.829135
0.407484
0.657783
0.274474
0.98024
0.338038
0.515745
0.590815
0.088261
0.235977
0.073088
0.230697
0.180421
0.369922
0.466334
0.581043
0.248638
0.268753
0.122475
0.579942
0.691396
2.88E-4
0.642329
0.537417
0.851538
0.070646
0.782995
0.075786
0.265971
0.577128
0.066064
0.690133
0.509882
0.740615
0.820442
0.5632
0.065928
0.967923
0.532134
0.434039
0.47793
0.150179
0.218069
0.516072
0.158999
0.99024
0.167
0.68772
0.615576
0.770292
0.797759
0.437581
0.52176
0.120234
0.573625
0.336143
0.032378
0.028065
0.881278
0.127337
0.958598
0.545444
0.533782
0.885761
0.946506
0.384739
0.089304
0.069182
0.596911
0.878293
0.490696
0.710994
0.543735
0.576315
0.625854
0.443566
0.868706
0.096699
0.284683
0.520976
0.871675
0.708253
0.645787
0.518402
0.138728
0.528216
0.864425
0.925491
0.054354
0.14564
0.553031
0.422306
0.389304
0.94408
0.946565
0.228997
0.362348
0.390237
0.32719
0.55413
0.622034
0.079602
0.846242
0.831641
0.923586
0.385804
0.226188
0.132687
0.886508
0.14729
0.951255
0.866177
0.110001
0.943124
0.462611
0.64059
0.09618
0.159113
0.562497
0.949694
0.885182
0.226115
0.701393
0.166093
0.041581
0.124321
0.073312
0.179053
0.648176
0.490449
0.476515
0.896851
0.261005
0.439213
0.710443
0.748942
0.358605
0.516082
0.87436
0.269501
0.67884
0.035275
0.309213
0.821467
0.978247
0.425089
0.081394
0.528979
0.171695
0.102074
0.845615
0.52616
0.514245
0.826232
0.643811
0.701461
0.472474
0.45134
0.69794
0.219343
0.19909
0.477647
0.536826
0.234857
0.072561
0.83862
0.860626
0.381716
0.592543
0.909072
0.391239
0.810743
0.03227
0.808921
0.582969
0.783119
0.640653
0.695004
0.474951
0.081655
0.859711
0.882746
0.155356
0.793329
0.977017
0.320215
0.277083
0.337637
0.868241
0.148929
0.815674
0.967838
0.001445
0.829014
0.792343
0.35596
0.672636
0.580678
0.99856
0.287488
0.521196
0.699663
0.85331
0.93791
0.734163
0.641225
0.400133
0.68089
0.989917
0.635371
0.108291
0.886559
0.114695
0.995499
0.580878
0.708522
0.629466
0.213241
0.492396
0.429417
0.85002
0.394221
0.079336
0.537417
0.969761
0.582617
0.289495
0.339879
0.602518
0.046828
0.259246
0.585338
0.591813
0.654191
0.132719
0.261369
0.503348
0.049637
0.362808
0.463368
0.109108
0.471318
0.541151
0.988086
0.344302
0.685652
0.492719
0.095795
0.672478
0.704919
0.840362
0.706262
0.529494
0.662417
0.495632
0.146216
0.533636
0.463388
0.564462
0.449836
0.447021
0.604324
0.969703
0.128758
0.452516
0.858907
0.687309
0.274454
0.170775
0.365792
0.868879
0.833327
0.983582
0.021575
0.280538
0.903688
0.652541
0.981702
0.426582
0.943788
0.926263
0.502765
0.446062
0.851405
0.81455
0.321514
0.371445
0.977985
0.474663
0.259099
0.620713
0.274164
0.202641
0.763461
0.657762
0.928502
0.85171
0.65846
0.600657
0.05757
0.110187
0.455232
0.183297
0.233077
0.462898
0.199449
0.883266
0.890476
0.33294
0.977548
0.21712
0.953578
0.854776
0.88568
0.174083
0.33095
0.96495
0.477033
0.51012
0.292432
0.013342
0.446336
0.156545
0.117903
0.895727
0.5848
0.310851
0.825432
0.787499
0.844373
0.872118
0.232295
0.91878
0.687136
0.759373
0.079816
0.472726
0.763801
0.3085
0.461821
0.611707
0.364717
0.381733
0.336531
0.840124
0.017426
0.043556
0.472973
0.39799
0.066741
0.657755
0.785582
0.145995
0.066479
0.042623
0.644402
0.45064
0.336392
0.884787
0.413378
0.907101
0.093516
0.956859
0.16548
0.347865
0.154042
0.810067
0.25098
0.476766
0.320023
0.520289
0.153955
0.640898
0.214595
0.754353
0.86215
0.706986
0.510103
0.893196
0.796624
0.744165
0.205383
0.199491
0.200122
0.23168
0.851677
0.049515
0.766927
0.80792
0.401013
0.062562
0.211985
0.156258
0.656587
0.555902
0.423351
0.483537
0.141581
0.129271
0.819598
0.188663
0.571014
0.340109
0.542571
0.741579
0.010649
0.36923
0.155933
0.497026
0.237623
0.29634
0.591232
0.152834
0.779402
0.105799
0.185758
0.829103
0.600824
0.825238
0.790254
0.29245
0.433379
0.263136
0.089563
0.678656
0.296584
0.656162
0.47561
0.177337
0.848195
0.163107
0.039641
0.533916
0.81816
0.549399
0.509432
0.89699
0.930656
0.594727
0.247219
0.493301
0.399191
0.725988
0.745398
0.847886
0.291674
0.12877
0.409564
0.783536
0.805539
0.122792
0.802276
0.231618
0.767382
0.90022
0.935943
0.965334
0.477287
0.820483
0.649538
0.726915
0.35487
0.331209
0.581372
0.861797
0.712303
0.242104
0.758961
0.495708
0.378928
0.517106
0.367042
0.494686
0.832778
0.969843
0.826108
0.933398
0.956226
0.248405
0.916334
0.563729
0.526135
0.277699
0.315602
0.823482
0.073313
0.891073
0.585325
0.2541
0.801728
0.727683
0.334096
0.806694
0.844859
0.598016
0.016703
0.40726
0.254726
0.42721
0.584853
0.324814
0.76854
0.574318
0.995982
0.340278
0.578601
0.795343
0.407824
0.449305
0.042969
0.368902
0.738932
0.848822
0.517606
0.935544
0.15916
0.254936
0.265087
0.415284
0.989132
0.178946
0.700673
0.962587
0.434027
0.648536
0.073411
0.294058
0.554542
0.002861
0.048124
0.881287
0.88667
0.813055
0.553555
0.439788
0.162016
0.683816
0.692593
0.864711
0.651593
0.677063
0.472421
0.264947
0.758647
0.365262
0.605593
0.029516
0.619798
0.069871
0.657472
0.923566
0.638858
0.66946
0.371098
0.056069
0.073956
0.472405
0.087496
0.187248
0.026143
0.040668
0.797582
0.251023
0.436447
0.524008
0.511253
0.156213
0.988371
0.01809
0.309889
0.899985
0.134145
0.695309
0.660434
0.778003
0.815542
0.973718
0.312369
0.00794
0.833886
0.787342
0.373316
0.396541
0.238925
0.100241
0.964662
0.775092
0.552492
0.167031
0.19553
0.804171
0.120466
0.684177
0.061552
0.40577
0.395288
0.899244
0.274355
0.51934
0.491374
0.949363
0.958294
0.098061
0.926995
0.185531
0.612923
0.262595
0.068804
0.00599
0.732812
0.311825
0.428917
0.769728
7.7E-4
0.853534
0.62953
0.690316
0.026186
0.662745
0.546332
0.220573
0.187107
0.001368
0.869517
0.330223
0.252832
0.040075
0.079976
0.251496
0.11325
0.711764
0.628305
0.721776
0.121764
0.79573
0.925544
0.487728
0.27059
0.282607
0.607101
0.851928
0.660379
0.102395
0.415109
0.340902
0.500518
0.111356
0.959498
0.152546
0.182131
0.828284
0.564358
0.901286
0.802718
0.786634
0.383709
0.320899
0.889535
0.526226
0.979564
0.007815
0.968224
0.186713
0.595247
0.991769
0.053882
0.384722
0.428183
0.906074
0.10365
0.557563
0.308928
0.796345
0.963087
0.238635
0.327005
0.154389
0.363003
0.793099
0.109133
0.593051
0.079071
0.987169
0.651744
0.68818
0.453486
0.390297
0.83721
0.905465
0.096075
0.016787
0.021986
0.202741
0.731683
0.801838
0.37494
0.852491
0.841334
0.476737
0.965392
0.264584
0.95656
0.158922
0.952962
0.105929
0.20949
0.504824
0.615078
0.811534
0.015653
0.586919
0.363072
0.660614
0.572171
0.751103
0.344053
0.951692
0.190883
0.586516
0.703293
0.452266
0.354137
0.79714
0.090653
0.221465
0.780383
0.203001
0.534629
0.108215
0.717385
0.318493
0.378844
0.712779
0.142745
0.956361
0.578412
0.366159
0.544648
0.088078
0.287328
0.729664
0.480106
0.754832
0.333134
0.946102
0.163668
0.168075
0.871341
0.884341
0.926468
0.264563
0.239689
0.910643
0.503655
0.88802
0.791057
0.792993
0.757653
0.458066
0.273919
0.798754
0.625357
0.456758
0.150504
0.781347
0.789323
0.314073
0.09537
0.068217
0.816115
0.305889
0.800889
0.260254
0.279441
0.891496
0.131171
0.631877
0.691338
0.512394
0.612257
0.681399
0.901601
0.250119
0.223942
0.522851
0.993793
0.898058
0.467372
0.233308
0.605624
0.940685
0.722625
0.973873
0.032106
0.653391
0.98173
0.687807
0.431833
0.037045
0.145165
0.445908
0.949905
0.583662
0.203625
0.05709
0.595398
0.933007
0.791923
0.39121
0.266983
0.32473
0.798147
0.971552
0.407179
0.376555
0.938753
0.785968
0.383912
0.126318
0.469054
0.938539
0.847457
0.464092
0.488623
0.717703
0.991495
0.050385
0.62238
0.892176
0.858961
0.567358
0.210712
0.562564
0.576475
0.682253
0.525734
0.694431
0.675611
0.415682
0.945866
0.537696
0.4649
0.702155
0.467153
0.497563
0.75336
0.806228
0.407338
0.663813
0.094558
0.914836
0.667444
0.128119
0.119563
0.664886
0.455702
0.423155
0.457875
0.584899
0.949907
0.902632
0.207267
0.430466
0.976865
0.647967
0.906699
0.175514
0.421353
0.535177
0.490832
0.984851
0.742066
0.424667
0.760361
0.838179
0.668316
0.046939
0.489289
0.601767
0.878778
0.048858
0.408429
0.251161
0.222372
0.837954
0.95384
0.636826
0.831417
0.316338
0.849559
0.654304
0.298465
0.331177
0.305911
0.931494
0.94077
0.685259
0.857847
0.177826
0.060153
0.849031
0.642155
0.153646
0.021029
0.094608
0.218088
0.812791
0.915677
0.632594
0.872821
0.547361
0.563368
0.474144
0.721357
0.620892
0.598753
0.163585
0.809889
0.814614
0.444939
0.230966
0.862298
0.031218
0.038006
0.199302
0.271379
0.10152
0.27221
0.247858
0.429556
0.32164
0.268945
0.180662
0.518247
0.31179
0.737553
0.17857
0.430733
0.632497
0.892378
0.923511
0.590255
0.220051
0.617973
0.075192
0.043282
0.110217
0.833193
0.753352
0.357246
0.10769
0.294906
0.632778
0.53276
0.028544
0.403389
0.49365
0.352213
0.893868
0.923967
0.586368
0.329815
0.985016
0.923279
0.967872
0.702573
0.984385
0.63358
0.045582
0.707348
0.52036
0.404765
0.92541
0.726056
0.311018
0.381376
0.801921
0.749233
0.758454
0.050589
0.551557
0.007611
0.284017
0.347276
0.893948
0.552005
0.914514
0.573473
0.971681
0.023731
0.630398
0.992163
0.965498
0.850932
0.769164
0.58905
0.409756
0.630619
0.340704
0.161047
0.202068
0.511869
0.456039
0.58649
0.911408
0.982581
0.19687
0.859629
0.880558
0.580296
0.160588
0.230731
0.791632
0.697067
0.603871
0.583179
0.817505
0.828961
0.577725
2.25E-4
0.217337
0.33276
0.69779
0.32662
0.250975
0.995521
0.22598
0.414094
0.584871
0.497125
0.952974
0.654738
0.941261
0.151588
0.965827
0.352608
0.602685
0.149806
0.760934
0.461408
0.525555
0.8946
0.319812
0.224903
0.239298
0.918313
0.703633
0.296766
0.411738
0.303903
0.442175
0.987819
0.946703
0.492361
0.493838
0.391207
0.746454
0.852467
0.835588
0.269792
0.819395
0.413306
0.805173
0.755136
0.242614
0.715629
0.16269
0.103687
0.59915
0.825057
0.464542
0.983363
0.901502
0.168287
0.750064
0.022485
0.685732
0.00289
0.729572
0.643063
0.914619
0.011927
0.632309
0.521737
0.563675
0.726553
0.623737
0.374191
0.280438
0.222913
0.233875
0.142674
0.305296
0.814082
0.551813
0.081273
0.921219
0.263429
0.036309
0.679899
0.060101
0.382729
0.668324
0.845469
0.335042
0.746492
0.828567
0.267554
0.690732
0.653403
0.72164
0.435822
0.068211
0.396427
0.388051
0.347871
0.96562
0.36504
0.346373
0.548592
0.543187
0.49623
0.690035
0.776015
0.968491
0.115303
0.02673
0.153583
0.027215
0.26321
0.993115
0.565132
0.634891
0.194018
0.203493
0.576377
0.776783
0.844317
0.398369
0.025487
0.575879
0.725752
0.247258
0.195373
0.643084
0.872571
0.729851
0.301625
0.599044
0.187941
0.270609
0.882532
0.673636
0.775997
0.834104
0.561443
0.587015
0.620976
0.001877
0.566753
0.495208
0.280458
0.646331
0.341083
0.643594
0.096648
0.193138
0.548768
0.513213
0.79781
0.62088
0.79956
0.667699
0.261359
0.285105
0.446472
0.212732
0.640783
0.373714
0.887018
0.765254
0.020515
0.30158
0.899586
0.096307
0.255976
0.634502
0.680534
0.159181
0.680492
0.196109
0.412574
0.04368
0.916397
0.856008
0.391365
0.507664
0.114591
0.123509
0.964702
0.128616
0.564942
0.078414
0.797552
0.790834
0.769389
0.358908
0.266159
0.177981
0.75021
0.896248
0.105782
0.17602
0.577883
0.836975
0.789139
0.608222
0.846087
0.625571
0.496419
0.521745
0.095849
0.533972
0.952796
0.324407
0.996472
0.01907
0.855606
0.430607
0.427802
0.165308
0.090971
0.716982
0.476579
0.126725
0.448346
0.011199
0.758983
0.921232
0.081603
0.041409
0.412208
0.149699
0.536467
0.759244
0.559763
0.213332
0.766727
0.71582
0.048389
0.385111
0.195384
0.218075
0.778886
0.654495
0.541972
0.32187
0.008815
0.609344
0.833553
0.328635
0.591941
0.744981
0.744449
0.343927
0.237463
0.497546
0.16853
0.62915
0.521481
0.987267
0.717958
0.931756
0.56381
0.92699
0.66354
0.71462
0.995188
0.402324
0.684401
0.221869
0.083052
0.261926
0.67847
0.616306
0.658502
0.669977
0.800318
0.002674
0.792733
0.967608
0.83917
0.011339
0.0081
0.366
0.027446
0.758599
0.177189
0.151134
0.378998
0.422645
0.16265
0.018617
0.696213
0.37834
0.681211
0.876761
0.456489
0.8193
0.83724
0.957049
0.891069
0.062379
0.264336
0.353356
0.703074
0.277511
0.837888
0.174776
0.03656
0.214953
0.477176
0.341625
0.504742
0.612349
0.642528
0.68016
0.313059
0.355601
0.751177
0.378799
0.771553
0.140413
0.884909
0.057092
0.781045
0.33547
0.843238
0.668409
0.198922
0.983557
0.807771
0.208318
0.342852
0.393521
0.626569
0.73282
0.274556
0.573863
0.001748
0.504099
0.920787
0.837795
0.669217
0.176184
0.534976
0.269998
0.996363
0.808862
0.480521
0.386898
0.291653
0.155453
0.825509
0.245113
0.519557
0.108493
0.778666
0.456863
0.04483
0.407123
0.567669
0.056449
0.492132
0.710945
0.963434
0.928535
0.800118
0.927354
0.287833
0.5568
0.073532
0.242791
0.4073
0.180647
0.89253
0.653137
0.911103
0.057986
0.325352
0.914405
0.400556
0.423734
0.008623
0.742142
0.574289
0.9065
0.309
0.776406
0.584681
0.620052
0.760512
0.298928
0.961888
0.881486
0.6839
0.940036
0.254416
0.524647
0.137373
0.645151
0.418985
0.075186
0.122658
0.984123
0.907468
0.632734
0.275863
0.48144
0.344979
0.166045
0.109582
0.021274
0.670728
0.068546
0.240852
0.538588
0.622032
0.244591
0.938975
0.145984
0.481934
0.700807
0.757876
0.565721
0.082159
0.602289
0.979603
0.237279
0.155664
0.019985
0.088716
0.753097
0.266858
0.14348
0.52174
0.338581
0.712575
0.562473
0.491517
0.937192
0.983186
0.330603
0.773204
0.087431
0.600793
0.916879
0.956837
0.185729
0.410188
0.822826
0.820779
0.917745
0.688364
0.597545
0.161051
0.610313
0.759591
0.218258
0.623447
0.007231
0.155663
0.320487
0.828505
0.504316
0.744662
0.559894
0.353816
0.192657
0.666675
0.466885
0.943822
0.153673
0.361136
0.515448
0.654162
0.325602
0.448052
0.769297
0.505787
0.918256
0.734127
0.391231
0.623496
0.791352
0.154852
0.505743
0.764188
0.431464
0.034923
0.390234
0.602045
0.163607
0.651867
0.736822
0.131044
0.015701
0.721573
0.774562
0.069569
0.217637
0.089443
0.371008
0.207614
0.661383
0.607169
0.842391
0.223918
0.774564
0.902702
0.0933
0.618598
0.167152
0.509734
0.879589
0.056221
0.09941
0.613078
0.442357
0.594926
0.288924
0.487624
0.496165
0.989139
0.825572
0.561053
0.5713
0.496563
0.99546
0.914337
0.007703
0.394563
0.628389
0.949023
0.477317
0.71671
0.178084
0.896657
0.771933
0.557177
0.12044
0.823187
0.735237
0.658829
0.412234
0.790015
0.640596
0.900287
0.691248
0.873368
0.020231
0.727879
0.618474
0.814993
0.936769
0.540331
0.264028
0.17967
0.954788
0.527196
0.720653
0.028869
0.617784
0.486461
0.192154
0.284887
0.06513
0.702387
0.648835
0.156106
0.533923
0.051617
0.767985
0.22155
0.88222
0.123679
0.284688
0.031695
0.94303
0.291494
0.066715
0.372546
0.472514
0.348107
0.196962
0.661267
0.691197
0.537806
0.097902
0.294192
0.933621
0.552954
0.264728
0.151857
0.719683
0.342254
0.487333
0.880676
0.64003
0.381857
0.536032
0.017254
0.808231
0.397615
0.161871
0.498782
0.274039
0.394967
0.919611
0.611823
0.714913
0.252335
0.759963
0.97179
0.927072
0.064591
0.557342
0.696714
0.122698
0.885061
0.740439
0.541469
0.806521
0.507702
0.975065
0.39236
0.052858
0.455491
0.412277
0.187064
0.333272
0.396741
0.359449
0.021178
0.655402
0.797969
0.357983
0.930179
0.665072
0.740101
0.55855
0.594372
0.536675
0.474219
0.973239
0.004476
0.930905
0.473715
0.653718
0.946742
0.034283
0.451632
0.095484
0.019078
0.711506
0.05514
0.200512
0.773413
0.099503
0.723502
0.944078
0.494597
0.551201
0.501553
0.486277
0.072392
0.697329
0.437632
0.844705
0.400689
0.536208
0.563062
0.402039
0.74684
0.88432
0.349703
0.460676
0.574038
0.224558
0.972739
0.776376
0.370996
0.974391
0.667817
0.50378
0.145676
0.462806
0.964772
0.268924
0.373629
0.45272
0.604623
0.147354
0.356555
0.874667
0.502168
0.171159
0.142947
0.547912
0.203431
0.614208
0.390266
0.056749
0.905377
0.712138
0.806851
0.622588
0.254712
0.662076
0.101812
0.766537
0.823274
0.716829
0.692461
0.79255
0.369406
0.93925
0.77135
0.637781
0.737891
0.714703
0.718796
0.43468
0.525429
0.433042
0.261797
0.208436
0.444305
0.846235
0.226537
0.493722
0.6538
0.483739
0.209219
0.296335
0.197094
0.164976
0.99876
0.748119
0.080773
0.086706
0.124895
0.007723
0.464764
0.182852
0.476565
0.445042
0.892406
0.455289
0.537972
0.913826
0.483548
0.756338
0.423484
0.964785
0.537955
0.067184
0.557617
0.180605
0.051999
0.661177
0.542598
0.424669
0.238502
0.666914
0.483567
0.686851
0.257764
0.453287
0.800251
0.382619
0.017236
0.947082
0.343988
0.415783
0.077956
0.463523
0.460276
0.050566
0.417769
0.881053
0.489544
0.655295
0.044534
0.023941
0.082641
0.677834
0.226921
0.929719
0.622589
0.792017
0.416081
0.273228
0.990409
0.01466
0.768358
0.595002
0.890387
0.734345
0.547412
0.138947
0.958939
0.016023
0.583503
0.042762
0.921255
0.249589
0.398384
0.344262
0.131211
0.195908
0.566117
0.767748
0.932556
0.750408
0.373354
0.53679
0.4132
0.292188
0.866967
0.523268
0.289428
0.315676
0.932654
0.887244
0.853196
0.15227
0.134973
0.988216
0.143168
0.98094
0.667515
0.755518
0.758973
0.999659
0.911254
0.89413
0.028171
0.583629
0.779837
0.271869
0.556729
0.491595
0.242469
0.584917
0.546335
0.69817
0.158203
0.930864
0.645678
0.227933
0.829871
0.231928
0.517833
0.446158
0.491565
0.545731
0.75223
0.6214
0.280462
0.177004
0.227162
0.216748
0.111983
0.160783
0.537638
0.28941
0.276672
0.12619
0.643374
0.582421
0.507843
0.769565
0.463039
0.377569
0.730968
0.166734
0.743396
0.94528
0.698946
0.936386
0.165776
0.475043
0.24178
0.830057
0.317344
0.699026
0.914889
0.668884
0.850932
0.031945
0.417176
0.673335
0.884736
0.941786
0.268129
0.139288
0.451955
0.438884
0.882674
0.102353
0.600518
0.024929
0.363141
0.10203
0.5643
0.178843
0.039606
0.408286
0.279795
0.47305
0.03309
0.105359
0.405985
0.711546
0.890434
0.241066
0.92019
0.060248
0.645401
0.844626
0.308974
4.55E-4
0.497432
0.99199
0.350722
0.077887
0.667648
0.254879
0.495282
0.842569
0.891133
0.808227
0.886121
0.078975
0.43516
0.19044
0.14172
0.411172
0.494954
0.211869
0.115478
0.634314
0.311764
0.789106
0.987182
0.671687
0.382395
0.546205
0.204143
0.885603
0.685053
0.868648
0.986377
0.580803
0.933234
0.721851
0.337769
0.930619
0.487595
0.953242
0.763916
0.229007
0.705106
0.985403
0.18742
0.325653
0.185494
0.77751
0.872661
0.336711
0.586884
0.683273
0.524636
0.240348
0.425693
0.365811
0.110236
0.764093
0.550274
0.243357
0.365368
0.050105
0.78345
0.034447
0.397618
0.944844
0.566007
0.847188
0.271697
0.401192
0.301363
0.914441
0.973698
0.403952
0.50106
0.515248
0.690223
0.033745
0.76138
0.84253
0.909738
0.769683
0.0633
0.578073
0.456054
0.89778
0.881178
0.718053
0.197608
0.939934
0.109952
0.755819
0.841277
0.347408
0.876328
0.673367
0.915727
0.313085
0.886314
0.318951
0.776845
0.448379
0.079653
0.655458
0.22661
0.243532
0.011102
0.052693
0.126758
0.684134
0.559173
0.266406
0.209924
0.132043
0.274861
0.997915
0.143464
0.595504
0.926068
0.960353
0.784951
0.811092
0.567816
0.191101
0.483377
0.139226
0.774032
0.944635
0.226391
0.135343
0.503591
0.876057
0.411425
0.800425
0.441456
0.382733
0.027378
0.937422
0.555201
0.910019
0.073524
0.744218
0.037825
0.746697
0.113645
0.759138
0.769711
0.336808
0.965896
0.541595
0.925741
0.416705
0.662715
0.018321
0.377975
0.349705
0.980124
0.254745
0.099989
0.875403
0.032055
0.521414
0.86587
0.11668
0.652873
0.916965
0.155031
0.094702
0.550075
0.481998
0.323418
0.19065
0.499147
0.692323
0.782357
0.962657
0.173889
0.455377
0.1382
0.477415
0.558028
0.250224
0.989077
0.848119
0.267745
0.849412
0.349495
0.983924
0.529775
0.140036
0.479185
0.650786
0.006024
0.921735
0.229506
0.81954
0.133199
0.200934
0.888876
0.934335
0.154719
0.423508
0.908127
0.172942
0.562227
0.292121
0.817341
0.990271
0.235304
0.299891
0.107619
0.237335
0.170543
0.878572
0.844438
0.93016
0.324887
0.10736
0.303621
0.306623
0.763236
0.257472
0.976645
0.153898
0.996564
0.058045
0.878903
0.515192
0.124342
0.460485
0.212708
0.791676
0.153881
0.851231
0.086252
0.943968
0.659191
0.117038
0.170373
0.967296
0.763299
0.702197
0.886918
0.065399
0.280472
0.813742
0.965641
0.980488
0.738582
0.228524
0.981006
0.750032
0.916919
0.735138
0.785907
0.755897
0.481002
0.104056
0.59624
0.307315
0.273518
0.6209
0.848438
0.156383
0.829278
0.640648
0.851481
0.283311
0.722145
0.324672
0.685552
0.008298
0.423147
0.707864
0.761437
0.987957
0.451553
0.509674
0.947936
0.936394
0.734477
0.650791
0.198936
0.974533
0.255589
0.266249
0.167498
0.356021
0.269832
0.116112
0.3812
0.943999
0.588572
0.686507
0.171152
0.220267
0.698383
0.946597
0.696504
0.796852
0.766728
0.681209
0.086952
0.369694
0.909085
0.554177
0.937633
0.805164
0.44458
0.57406
0.133985
0.582341
0.25102
0.431746
0.258556
0.127452
0.745217
0.258563
0.637412
0.671625
0.460812
0.713853
0.420696
0.139038
0.673334
0.952591
0.96008
0.229828
0.03102
0.946445
0.145229
0.300558
0.689957
0.835831
0.292106
0.86479
0.023417
0.475799
0.637806
0.537275
0.577752
0.105257
0.489835
0.027503
0.581062
0.116827
0.602099
0.351847
0.975832
0.233791
0.405585
0.778224
0.643067
0.010883
0.308595
0.143218
0.212964
0.467309
0.399579
0.088798
0.615969
0.833248
0.535019
0.454273
0.318086
0.845134
0.975474
0.528819
0.005616
0.760438
0.444822
0.120926
0.33703
0.279202
0.730895
0.433305
0.263462
0.857497
0.72011
0.545294
0.334373
0.47702
0.064374
0.899529
0.351191
0.795427
0.515446
0.565603
0.709308
0.743606
0.330107
0.210679
0.777568
0.058914
0.04891
0.645505
0.704452
0.947545
0.381927
0.53398
0.111425
0.054507
0.896846
0.355433
0.236484
0.186326
0.697916
0.990959
0.224687
0.779405
0.308675
0.368679
0.42754
0.936116
0.527032
0.447488
0.769351
0.961004
0.108208
0.444827
0.466249
0.721127
0.749199
0.62128
0.642313
0.827372
0.997842
0.123215
0.677328
0.587728
0.39022
0.354479
0.441956
0.918793
0.332062
0.099072
0.928645
0.918466
0.982962
0.149006
0.170411
0.600548
0.676645
0.504989
0.754644
0.371147
0.216184
0.312323
0.685383
0.187085
0.719976
0.570384
0.825055
0.978131
0.562445
0.311258
0.655457
0.837732
0.352885
0.381611
0.637778
0.691005
0.826468
0.181565
0.022795
0.634117
0.983406
0.715373
0.564859
0.905783
0.805392
0.090855
0.227121
0.499439
0.402864
0.168095
0.630462
0.753793
0.502305
0.402572
0.694897
0.869757
0.769705
0.053912
0.649738
0.193407
0.584466
0.838658
0.347618
0.277449
0.527464
0.793928
0.607504
0.187768
0.027623
0.588574
0.133104
0.257001
0.323286
0.769408
0.405638
0.503671
0.137833
0.46232
0.833713
0.233268
0.243396
0.861548
0.358084
0.916761
0.392195
0.435125
0.655379
0.30239
0.93194
0.150488
0.062396
0.858186
0.78989
0.181448
0.351376
0.06549
0.409588
0.496226
0.5267
0.787892
0.654953
0.445961
0.884718
0.925328
0.658314
0.974081
0.681009
0.829677
0.082159
0.349161
0.883101
0.506068
0.28875
0.387362
0.651771
0.453197
0.467456
0.975266
0.390293
0.106301
0.856541
0.329914
0.428573
0.238056
0.81433
0.840063
0.667876
0.345494
0.644075
0.521174
0.801902
0.00515
0.757515
0.086347
0.051252
0.414012
0.974029
0.386413
0.700868
0.850409
0.495465
0.504621
0.113812
0.586877
0.37111
0.104808
0.309798
0.866104
0.072971
0.72671
0.643178
0.911414
0.138409
0.598006
0.592606
0.584876
0.705357
0.189942
0.183427
0.228939
0.164778
0.18184
0.103841
0.431627
0.085635
0.71955
0.147198
0.940656
0.029627
0.853838
0.215331
0.718453
0.866045
0.826967
0.751589
0.177905
0.721556
0.439199
0.137314
0.967754
0.755377
0.071641
0.281755
0.286929
0.537213
0.067885
0.362977
0.598689
0.923483
0.084064
0.436109
0.788308
0.976812
0.705481
0.415294
0.262135
0.654381
0.097633
0.75703
0.221221
0.702684
0.710484
0.025085
0.359291
0.439369
0.087029
0.400996
0.532695
0.877294
0.640682
0.119188
0.5291
0.951544
0.860756
0.752026
0.921982
0.447118
0.781262
0.247667
0.139638
0.593131
0.705494
0.632368
0.300246
0.188782
0.11733
0.328937
0.068623
0.557042
0.429933
0.114304
0.775688
0.583882
0.723471
0.84174
0.308205
0.59406
0.905739
0.187015
0.824289
0.838885
0.793026
0.842864
0.179194
0.927049
0.453297
0.782377
0.056314
0.61651
0.779733
0.439504
0.18988
0.003614
0.669914
0.913623
0.738732
0.295009
0.374389
0.595192
0.824598
0.028605
0.54811
0.93076
0.483719
0.821743
0.289191
0.398182
0.797202
0.467867
0.981667
0.146651
0.763392
0.477466
0.072411
0.171208
0.554599
0.964655
0.007096
0.337677
0.160928
0.117722
0.426062
0.051517
0.065497
0.360115
0.37817
0.872866
0.518237
0.707754
0.749213
0.920085
0.179533
0.759229
0.321177
0.475422
0.390327
0.217344
0.879603
0.808922
0.091922
0.833646
0.568564
0.870532
0.466534
0.191981
0.256216
0.165366
0.698802
0.802789
0.018612
0.823381
0.868761
0.566763
0.975475
0.602287
0.878414
0.784657
0.618803
0.321261
0.486894
0.539449
0.463704
0.013093
0.983282
0.457724
0.320547
0.903702
0.761537
0.569055
0.738521
0.180447
0.078551
0.225334
0.202902
0.39451
0.574237
0.816403
0.48181
0.257609
0.71163
0.324012
0.112969
0.539632
0.155341
0.59304
0.396945
0.751299
0.24831
0.567084
0.420596
0.304748
0.169654
0.63492
0.572896
0.884997
0.060499
0.665026
0.735066
0.8365
0.390049
0.267257
0.827901
0.471577
0.10074
0.313927
0.681407
0.341264
0.619178
0.776967
0.255342
0.67419
0.648663
0.493504
0.083996
0.385364
0.769456
0.559092
0.444485
0.284291
0.264534
0.666038
0.155107
0.370645
0.261459
0.853614
0.098746
0.395732
0.235045
0.817674
0.536056
0.189307
0.150903
0.139073
0.024134
0.60381
0.046515
0.533455
0.288603
0.3119
0.644351
0.499392
0.710525
0.108192
0.67065
0.547533
0.184267
0.812399
0.913815
0.530309
0.978433
0.348611
0.698019
0.459932
0.889211
0.084248
0.370399
0.601827
0.413924
0.052242
0.604407
0.561287
0.892353
0.251304
0.807145
0.543094
0.564329
0.821677
0.685193
0.956959
0.274351
0.527555
0.071235
0.066108
0.11743
0.642382
0.442918
0.431939
0.665138
0.029553
0.175716
0.494662
0.536746
0.938561
0.463194
0.74793
0.987638
0.795434
0.010881
0.61493
0.875599
0.056329
0.06411
0.314041
0.835342
0.014466
0.065487
0.714103
0.74261
0.303094
0.254295
0.42247
0.581386
0.720996
0.817955
0.123482
0.641275
0.922059
0.784793
0.490602
0.566788
0.456735
0.707705
0.83243
0.156282
0.630757
0.3299
9.22E-4
0.965513
0.655261
0.846789
0.989595
0.709231
0.602505
0.082131
0.080145
0.174005
0.752662
0.881976
0.357806
0.856396
0.01971
0.296462
0.908982
0.822856
0.278222
0.667446
0.039048
0.351208
0.57791
0.569009
0.403928
0.758256
0.429051
0.658241
0.035926
0.444098
0.569472
0.885306
0.8625
0.590893
0.88257
0.18465
0.466024
0.14236
0.425843
0.723316
0.513316
0.659952
0.850758
0.017654
0.495556
0.402698
0.847263
0.746365
0.162429
0.509865
0.630067
0.885618
0.30873
0.479106
0.898859
0.871124
0.377316
0.227484
0.150902
0.852366
0.679224
0.89873
0.701996
0.745816
0.899936
0.237311
0.280587
0.7168
0.96017
0.788391
0.59983
0.923788
0.230258
0.402461
0.883719
0.844223
0.559076
0.524405
0.925931
0.267624
0.571665
0.529006
0.893801
0.089523
0.214071
0.928354
0.754918
0.368934
0.579642
0.62135
0.900089
0.722361
0.637882
0.481488
0.263981
0.018992
0.605158
0.486307
0.003527
0.514544
0.345969
0.280391
0.584217
0.015368
0.374137
0.533523
0.945706
0.399712
0.735195
0.70657
0.270679
0.839718
0.294436
0.869904
0.764731
0.365512
0.729455
0.032642
0.770041
0.991885
0.831733
0.035713
0.481913
0.488415
0.558675
0.437746
0.514795
0.015461
0.645727
0.979976
0.573189
0.271324
0.487566
0.154868
0.522874
0.499984
0.428058
0.122874
0.229184
0.694136
0.560564
0.722705
0.631616
0.594904
0.63336
0.602756
0.657802
0.637406
0.679342
0.564748
0.744974
0.820491
0.544842
0.055448
0.933275
0.589287
0.579317
0.368225
0.722874
0.210834
0.365812
0.5235
0.145565
0.79588
0.521538
0.985569
0.791635
0.074087
0.278544
0.343037
0.854019
0.265163
0.76639
0.831066
0.604342
0.905123
0.661904
0.105865
0.0992
0.284656
0.145486
0.995333
0.330104
0.235744
0.909128
0.044486
0.476783
0.362972
0.298187
0.550286
0.401074
0.457615
0.537167
0.43769
0.027436
0.755415
0.389124
0.767263
0.796156
0.903066
0.529006
0.884364
0.946582
0.983781
0.373158
0.220943
0.990306
0.718923
0.100354
0.543186
0.367953
0.010509
0.124166
0.001723
0.948318
0.318533
0.332127
0.685857
0.724846
0.977363
0.994059
0.50922
0.792019
0.447122
0.360111
0.161527
0.442977
0.668761
0.618449
0.549534
0.019763
0.145659
0.063228
0.620068
0.968848
0.109954
0.035362
0.708948
0.407149
0.148367
0.441802
0.591858
0.387533
0.960172
0.433412
0.226706
0.967846
0.499051
0.127236
0.771721
0.133782
0.610915
0.095827
0.839535
0.603458
0.421394
0.714498
0.104696
0.550356
0.149539
0.356754
0.320568
0.321306
0.728372
0.858836
0.52127
0.297501
0.598295
0.636227
0.685307
0.149062
0.305949
0.328113
0.419749
0.867456
0.088973
0.87023
0.287313
0.125119
0.456216
0.452183
0.243416
0.707914
0.883311
0.902231
0.276247
0.993613
0.135108
0.660701
0.750131
0.708339
0.399327
0.652619
0.140941
0.483008
0.369887
0.050781
0.822032
0.053033
0.653724
0.132439
0.310147
0.297136
0.391511
0.175908
0.912991
0.694885
0.78053
0.617832
0.033614
0.197614
0.267081
0.497508
0.481489
0.953679
0.536126
0.551582
0.016165
0.80653
0.067496
0.190582
0.006548
0.992886
0.950823
0.988191
0.527412
0.008317
0.855481
0.24481
0.434398
0.178846
0.537134
0.648868
0.959784
0.079713
0.029149
0.052536
0.153523
0.576232
0.714911
0.902857
0.057503
0.926715
0.806249
0.925036
0.845742
0.083721
0.363489
0.241493
0.289184
0.057435
0.884252
0.228472
0.810989
0.963761
0.661008
0.061412
0.086708
0.169761
0.561437
0.080946
0.613435
0.770355
0.621057
0.8233
0.923015
0.482737
0.854137
0.802055
0.146623
0.928758
0.986801
0.902604
0.451487
0.190555
0.395289
0.556357
0.465267
0.470998
0.392747
0.698603
0.179576
0.668078
0.149454
0.882148
0.98136
0.681123
0.95431
0.818243
0.399316
0.306793
0.229462
0.046964
0.87227
0.654086
0.695323
0.401158
0.347405
0.110106
0.349835
0.421204
0.798457
0.022175
0.473663
0.902255
0.81748
0.426873
0.702146
0.3113
0.278484
0.352883
0.315132
0.898301
0.697271
0.452093
0.287472
0.943809
0.318967
0.972136
0.315769
0.734892
0.153269
0.373651
0.991095
0.541866
0.147129
0.216783
0.522731
0.080231
0.435575
0.294025
0.934602
0.685384
0.143609
0.370249
0.453906
0.7021
0.525583
0.305864
0.890558
0.39641
0.323185
0.785265
0.166423
0.034457
0.099154
0.350344
0.794887
0.641049
0.961058
0.947569
0.034203
0.35004
0.527938
0.7372
0.642126
0.189361
0.212377
0.484505
0.644705
0.6054
0.891495
0.455355
0.298715
0.024631
0.822626
0.3724
0.475044
0.274768
0.222883
0.653031
0.019471
0.743426
0.276568
0.846648
0.25761
0.739148
0.460352
0.916278
0.702399
0.63784
0.983363
0.768393
0.195366
0.047068
0.82782
0.224793
0.167008
0.401337
0.345556
0.451728
0.436966
0.113368
0.61677
0.713967
0.99128
0.649594
0.809554
0.205302
0.471866
0.672449
0.592234
0.622036
0.692449
0.697756
0.245279
0.092257
0.355558
0.552381
0.495519
0.051277
0.286747
0.285504
0.25263
0.662389
0.925118
0.086285
0.366326
0.422116
0.513273
0.19134
0.242426
0.660451
0.415192
0.727381
0.656928
0.749092
0.257147
0.927512
0.389478
0.964491
0.134594
0.184124
0.361052
0.117553
0.957093
0.956955
0.805451
0.258136
0.113672
0.641822
0.630131
0.990009
0.032619
0.12369
0.529165
0.190743
0.882588
0.887149
0.599572
0.221041
0.615942
0.238053
0.182001
0.029291
0.790679
0.401956
0.397713
0.909674
0.123822
0.008189
0.386061
0.055957
0.527052
0.742791
0.560101
0.468117
0.454451
0.7592
0.292741
0.215254
0.75256
0.772525
0.321771
0.535781
0.84457
0.631352
0.819373
0.764654
0.003335
0.560502
0.510167
0.61748
0.671945
0.198766
0.441591
0.932589
0.276014
0.017612
0.011371
0.57472
0.738383
0.699974
0.639083
0.837755
0.954827
0.582688
0.032281
0.348977
0.818435
0.321767
0.34237
0.1736
0.990698
0.526652
0.631419
0.545887
0.508932
0.227727
0.978294
0.41193
0.492515
0.69079
0.241002
0.759233
0.664528
0.272861
0.961841
0.529511
0.140729
0.72559
0.152938
0.76365
0.954396
0.595733
0.731981
0.5116
0.083435
0.146526
0.19142
0.954949
0.325232
0.529508
0.679165
0.136291
0.225094
0.773206
0.044744
0.666965
0.405729
0.523305
0.562146
0.793594
0.068044
0.368291
0.979038
0.243844
0.137674
0.015279
0.261766
0.343147
0.516972
0.542586
0.906535
0.996656
0.168825
0.448828
0.969386
0.26447
0.306484
0.24271
0.031062
0.423265
0.792721
0.873327
0.157593
0.603668
0.961952
0.387756
0.543387
0.320344
0.470594
0.820813
0.930859
0.470483
0.453764
0.471344
0.089097
0.666446
0.220512
0.400007
0.603795
0.089618
0.955168
0.195471
0.98165
0.405042
0.408946
0.799094
0.604664
0.660212
0.363838
0.452566
0.383254
0.506426
0.729887
0.63866
0.051802
0.527401
0.497333
0.22216
0.926255
0.937396
0.406679
0.86619
0.600619
0.419849
0.122601
0.198573
0.497653
0.41762
0.901734
0.133546
0.408809
0.75717
0.229684
0.216024
0.15943
0.091587
0.669268
0.848815
0.317454
0.281137
0.209781
0.787572
0.42734
0.495053
0.736231
0.343943
0.595664
0.514593
0.847826
0.324296
0.38081
0.444891
0.146572
0.849558
0.846404
0.801964
0.289738
0.851114
0.326613
0.731242
0.554006
0.218391
0.921176
0.935282
0.394493
0.285654
0.988972
0.740889
0.498437
0.5887
0.941209
0.619624
0.131181
0.596581
0.448745
0.39074
0.15119
0.429099
0.772808
0.281874
0.931205
0.407787
0.304355
3.44E-4
0.56421
0.656206
0.554524
0.976717
0.155772
0.864841
0.777117
0.982335
0.708387
0.766508
0.123796
0.393765
0.088838
0.830127
0.733608
0.47972
0.836158
0.17386
0.44073
0.219724
0.115656
0.723047
0.847764
0.328903
0.953546
0.194008
0.356662
0.359509
0.997096
0.571726
0.375326
0.97737
0.436793
0.367563
0.325159
0.77022
0.399881
0.092597
0.263317
0.234921
0.078738
0.062811
0.903136
0.911864
0.092895
0.864296
0.5672
0.987374
0.100105
0.549784
0.139713
0.068759
0.469736
0.912253
0.398357
0.251633
0.910843
0.986984
0.200491
0.045498
0.307644
0.270404
0.874577
0.201034
0.656698
0.012172
0.824902
0.991404
0.922987
0.336413
0.796174
0.039874
0.836139
0.878635
0.464272
0.357357
0.13344
0.086823
0.02042
0.856026
0.522836
0.328318
0.19828
0.238923
0.687026
0.468538
0.756932
0.830549
0.978801
0.643254
0.77744
0.609677
0.068169
0.533038
0.256675
0.433205
0.693392
0.566674
0.389291
0.198629
0.840921
0.12974
0.617241
0.48277
0.133302
0.035216
0.995923
0.015662
0.939509
0.22491
0.677049
0.201073
0.738708
0.913637
0.340522
0.778887
0.566374
0.162523
0.221135
0.639647
0.950727
0.173434
0.970567
0.747818
0.60784
0.433495
0.971185
0.107901
0.305351
0.206777
0.875356
0.716276
0.727587
0.769676
0.082456
0.481737
0.878986
0.217169
0.585498
0.168934
0.548065
0.629021
0.120258
0.521497
0.620789
0.878227
0.83204
0.855398
0.580031
0.388336
0.738643
0.578151
0.356934
0.702003
0.112886
0.285733
0.810332
0.810019
0.53396
0.316648
0.501965
0.808235
0.764152
0.901355
0.108125
0.599189
0.795931
0.335311
0.762407
0.035958
0.384125
0.925168
0.859662
0.117613
0.128905
0.810206
0.367776
0.588858
0.70748
0.144878
0.491817
0.570842
0.165949
0.54337
0.614151
0.655782
0.277405
0.133377
0.794492
0.23496
0.84843
0.043829
0.755463
0.697827
0.513301
0.660106
0.202076
0.539345
0.993736
0.520284
0.527661
0.343381
0.021701
0.2973
0.444108
0.071858
0.123814
0.914392
0.840904
0.082559
0.248074
0.475031
0.225286
0.822867
0.777152
0.353543
0.424937
0.202412
0.817165
0.488944
0.845003
0.234497
0.77689
0.652035
0.462817
0.65433
0.159531
0.214596
0.916548
0.871535
0.177697
0.739556
0.498129
0.795038
0.271923
0.53231
0.596128
0.780375
0.864074
0.145883
0.150863
0.1926
0.70918
0.716443
0.981888
0.852423
0.022746
0.920694
0.4271
0.938827
0.15528
0.292974
0.593052
0.758367
0.961792
0.617414
0.657662
0.159499
0.171213
0.119326
0.089373
0.269702
0.999175
0.219988
0.350893
0.663816
0.967329
0.690323
0.641031
0.03395
0.393321
0.141489
0.494712
0.924465
0.297818
0.924179
0.609133
0.119941
0.53841
0.673483
0.093104
0.829731
0.824973
0.932451
0.446985
0.89959
0.897031
0.515029
0.972211
0.899041
0.550902
0.527831
0.982282
0.082568
0.392864
0.260251
0.141157
0.903359
0.16434
0.473708
0.490372
0.97027
0.236033
0.97336
0.242792
0.081828
0.400213
0.729391
0.218757
0.245489
0.403798
0.230057
0.87949
0.396078
0.759619
0.194908
0.27298
0.864197
0.249236
0.254204
0.849162
0.513592
0.187876
0.709279
0.024057
0.865857
0.960573
0.028681
0.576649
0.461546
0.558294
0.306186
0.447616
0.168643
0.843812
0.509333
0.275642
0.14253
0.059331
0.980917
0.054886
0.666005
0.651324
0.320902
0.626284
0.153544
0.832783
0.472524
0.325707
0.190958
0.429058
0.563876
0.003621
0.599693
0.460675
0.815076
0.803707
0.164526
0.605021
0.611129
0.542048
0.843973
0.148491
0.661923
0.263804
0.994728
0.291679
0.023285
0.57091
0.384559
0.702419
0.63688
0.612198
0.54252
0.024955
0.961697
0.206414
0.301009
0.648258
0.216231
0.428993
0.221102
0.41246
0.727952
0.135009
0.96077
0.089639
0.895464
0.313621
0.544989
0.41362
0.308812
0.873387
0.92742
0.153226
0.644638
0.443214
0.195261
0.224361
0.055487
0.04027
0.262022
0.118545
0.906293
0.004087
0.917389
0.989
0.876159
0.425126
0.659027
0.580103
0.639811
0.406484
0.818053
0.812005
0.570652
0.88898
0.108107
0.239448
0.166128
0.44274
0.877344
0.79227
0.186162
0.382475
0.023335
0.174834
0.816702
0.799028
0.74278
0.052579
0.52295
0.616335
0.031122
0.686136
0.64066
0.580832
0.121511
0.986896
0.168902
0.169394
0.858308
0.062684
0.674
0.762313
0.337147
0.198144
0.691869
0.069334
0.011822
0.87166
0.52479
0.719718
0.867602
0.849144
0.868686
0.131306
0.191309
0.614723
0.278242
0.258993
0.930356
0.39934
0.079783
0.58957
0.626138
0.850517
0.975575
0.797752
0.431561
0.949998
0.248283
0.807337
0.778191
0.130715
0.170587
0.61176
0.845368
0.67051
0.952513
0.099932
0.101846
0.347252
0.317819
0.306086
0.839907
0.028478
0.590807
0.956475
0.80255
0.338419
0.996237
0.921091
0.716314
0.796222
0.727539
0.195208
0.785398
0.851452
0.222329
0.333381
0.977214
0.056371
0.999259
0.83763
0.235125
0.209291
0.35652
0.861918
0.591066
0.679201
0.209869
0.736605
0.518901
0.279158
0.356825
0.239417
0.76877
0.994363
0.493724
0.243594
0.353363
0.590599
0.383626
0.359193
0.318962
0.629666
0.67557
0.450162
0.42726
0.700678
0.009504
0.457622
0.898373
0.739577
0.206231
0.788922
0.921139
0.153935
0.538004
0.64236
0.723689
0.096073
0.302946
0.029077
0.615472
0.634806
0.185265
0.926489
0.561294
0.764527
0.173259
0.951703
0.528624
0.160138
0.128407
0.178735
0.061319
0.337265
0.451379
0.239941
0.276081
0.409451
0.674582
0.649918
0.752393
0.947463
0.225904
0.369248
0.592324
0.540628
0.054602
0.985795
0.263507
0.536028
0.287825
0.532871
0.706785
0.088663
0.595043
0.886449
0.589394
0.094133
0.477708
0.887684
0.515258
0.795138
0.272735
0.822371
0.465839
0.854052
0.260967
0.655562
0.738201
0.46608
0.905541
0.467412
0.171311
0.650951
0.910132
0.865443
0.507308
0.205856
0.483341
0.758742
0.321341
0.928301
0.923018
0.771228
0.071786
0.624766
0.393114
0.743978
0.472034
0.109562
0.555697
0.230677
0.565714
0.867976
0.54203
0.625645
0.59914
0.308788
0.59919
0.580467
0.027916
0.563467
0.632459
0.663115
0.769071
0.602827
0.778773
0.792556
0.115732
0.036646
0.092808
0.842185
0.568286
0.337753
0.404812
0.947018
0.204117
0.389267
0.418081
0.472455
0.107445
0.192202
0.15403
0.306494
0.811445
0.290337
0.924074
0.122652
0.666728
0.970254
0.110108
0.527434
0.543456
0.57665
0.169117
0.554065
0.298749
0.346531
0.44254
0.793265
0.996728
0.010604
0.547256
0.562244
0.955442
0.036157
0.352627
0.904656
0.313089
0.792971
0.8068
0.887121
0.955355
0.112241
0.16554
0.612033
0.326378
0.678259
0.498116
0.601701
0.857726
0.443539
0.697336
0.725494
0.49296
0.790334
0.604597
0.639495
0.059781
0.474946
0.275851
0.787288
0.047391
0.485955
0.860703
0.370836
0.683636
0.823489
0.044363
0.342015
0.074662
0.863873
0.510982
0.388241
0.569216
0.412454
0.426945
0.089688
0.440399
0.767165
0.513969
0.910981
0.439598
0.116326
0.884398
0.45684
0.770453
0.376439
0.444886
0.468996
0.555192
0.139185
0.339682
0.370803
0.921264
0.741581
0.601034
0.776337
0.423152
0.599215
0.901753
0.272341
0.632422
0.849699
0.06379
0.954273
0.378429
0.04199
0.766693
0.651771
0.302824
0.076907
0.721115
0.514225
0.102878
0.855187
0.425074
0.643748
0.081824
0.121632
0.504478
0.76068
0.398818
0.807381
0.554421
0.465856
0.716805
0.767065
0.344103
0.524251
0.783456
0.18358
0.225715
0.736166
0.848556
0.070443
0.596447
0.385026
0.720574
0.240164
0.30282
0.954918
0.695875
0.826805
0.947806
0.796372
0.555897
0.951867
0.163758
0.685487
0.320801
0.404871
0.047973
0.769346
0.472536
0.273478
0.122713
0.219779
0.91587
0.302722
0.377836
0.027871
0.032922
0.388903
0.181703
0.763223
0.804826
0.020911
0.104833
0.794828
0.12363
0.670245
0.990798
0.424508
0.098162
0.100682
0.930165
0.619234
0.369504
0.319574
0.145803
0.545232
0.194928
0.424941
0.181681
0.904643
0.333487
0.916018
0.202318
0.154602
0.57219
0.129645
0.656329
0.048942
0.06856
0.340855
0.035061
0.584359
0.553551
0.723253
0.966088
0.355689
0.838209
0.803245
0.421385
0.529076
0.998151
0.261908
0.391289
0.127158
0.071802
0.93927
0.977878
0.08698
0.101542
0.677994
0.495224
0.599233
0.871307
0.20693
0.828959
0.566467
0.749841
0.60974
0.003952
0.628328
0.635743
0.04976
0.636369
0.093451
0.11858
0.329508
0.705213
0.290466
0.619777
0.551709
0.868482
0.304727
0.457651
0.618436
0.370347
0.802689
0.492865
0.555959
0.438316
0.662466
0.253749
0.685089
0.953133
0.426957
0.215351
0.470321
0.089174
0.175043
0.211728
0.475767
0.569451
0.266676
0.797931
0.231874
0.1568
0.559318
0.746271
0.974138
0.011673
0.116024
0.760884
0.1535
0.586979
0.129548
0.925282
0.337843
0.801685
0.772239
0.35947
0.624975
0.337467
0.948072
0.0564
0.969729
0.036455
0.470998
0.891919
0.891262
0.54317
0.022942
0.358057
0.871378
0.530049
0.355074
0.6564
0.380682
0.073469
0.587636
0.406464
0.876573
0.005998
0.136405
0.373388
0.305597
0.360611
0.748025
0.299954
0.612366
0.343928
0.361745
0.139824
0.508272
0.628049
0.031745
0.73207
0.285402
0.134353
0.942045
0.231485
0.774579
0.897671
0.625128
0.414813
0.641157
0.045545
0.855725
0.319967
0.088181
0.404787
0.33285
0.54346
0.693745
0.756382
0.185987
0.920684
0.547872
0.299805
0.545456
0.244347
0.073945
0.459078
0.902337
0.138286
0.920715
0.7655
0.74991
0.197031
0.09312
0.185705
0.046458
0.025921
0.053644
0.928773
0.368335
0.872237
0.870659
0.462421
0.232603
0.124718
0.616173
0.195806
0.960094
0.076998
0.122628
0.04529
0.622651
0.999928
0.896889
0.889536
0.072366
0.748382
0.45926
0.741618
0.786
0.8401
0.626366
0.318331
0.274385
0.187231
0.288956
0.570709
0.10443
0.435724
0.049159
0.654792
0.160481
0.173303
0.676448
0.767938
0.63212
0.103733
0.717552
0.253581
0.357097
0.653231
0.752781
0.386052
0.570945
0.374266
0.72969
0.287176
0.818917
0.942703
0.524769
0.497614
0.771239
0.506114
0.384772
0.828472
0.949291
0.634272
0.181585
0.252483
0.918154
0.147246
0.47795
0.759118
0.33008
0.652191
0.246136
0.29424
0.313791
0.706814
0.707594
0.132511
0.096103
0.1457
0.16888
0.289472
0.415248
0.255059
0.917581
0.870347
0.239329
0.162149
0.211749
0.573816
0.538745
0.017515
0.147261
0.921632
0.377973
0.291381
0.719824
0.168666
0.389985
0.779915
0.711754
0.263066
0.775658
0.722768
0.128425
0.672458
0.330896
0.77021
0.785247
0.369697
0.645785
0.406315
0.303264
0.780427
0.542931
0.834111
0.209926
0.03477
0.026287
0.259233
0.061334
0.436758
0.497055
0.970548
0.503222
0.667644
0.759908
0.609394
0.970167
0.873021
0.390604
0.543464
0.286007
0.448728
0.365164
0.317064
0.773141
0.036806
0.461147
0.736346
0.604416
0.970294
0.833152
0.266329
0.038471
0.164465
0.337526
0.065893
0.867931
0.242119
0.63536
0.167618
0.879555
0.501861
0.838218
0.021247
0.3764
0.190819
0.477621
0.862725
0.844329
0.427033
0.877183
0.145161
0.658635
0.031823
0.585388
0.573744
0.321279
0.478687
0.387347
0.123546
0.095258
0.142858
0.555474
0.787315
0.059775
0.044412
0.421887
0.699773
0.548439
0.317872
0.059413
0.715594
0.652378
0.712536
0.843461
0.48016
0.971183
0.530297
0.9336
0.525349
0.076781
0.541518
0.261549
0.94703
0.218841
0.584552
0.441375
0.776591
0.645038
0.750794
0.12806
0.245763
0.535466
0.2847
0.742187
0.762142
0.95773
0.58697
0.151354
0.562239
0.437712
0.999164
0.85302
0.689554
0.710744
0.369282
0.438848
0.157076
0.968894
0.750399
0.637209
0.896775
0.452292
0.968217
0.028347
0.37308
0.545897
0.208444
0.605833
0.542978
0.637858
0.22121
0.71827
0.182305
0.871561
0.217239
0.566811
0.465953
0.580705
0.039321
0.356919
0.089128
0.635226
0.732634
0.406881
0.14747
0.145606
0.208791
9.51E-4
0.455751
0.974075
0.300979
0.541604
0.978022
0.283465
0.1414
0.603206
0.566532
0.91793
0.457213
0.818556
0.262346
0.754467
0.07751
0.14005
0.997558
0.290179
0.671352
0.908864
0.657139
0.637423
0.495724
0.338389
0.107852
0.787459
0.722282
0.472234
0.982372
0.472972
0.733048
0.412509
0.718635
0.210778
0.627774
0.630643
0.597599
0.138281
0.069469
0.470901
0.297047
0.070714
0.509607
0.535831
0.784681
0.800911
0.780863
0.503221
0.210718
0.039363
0.022723
0.065775
0.82832
0.549504
0.914124
0.107547
0.869624
0.971677
0.227317
0.935271
0.735822
0.54894
0.788431
0.368092
0.821601
0.468857
0.032757
0.755803
0.787479
0.817632
0.476559
0.543518
0.117946
0.206455
0.592259
0.829855
0.358989
0.974601
0.770134
0.47602
0.515513
0.499849
0.277202
0.714799
0.707315
0.554
0.382746
0.881323
0.331687
0.829725
0.110009
0.841547
0.66139
0.73474
0.394816
0.929769
0.018665
0.300253
0.784488
0.723097
0.409075
0.582865
0.194138
0.778619
0.773448
0.252586
0.65254
0.538149
0.821777
0.154345
0.415985
0.965761
0.749933
0.506357
0.306147
0.12493
0.008127
0.055936
0.636702
0.824952
0.689534
0.951818
0.633543
0.6704
0.038134
0.311771
0.824678
0.332766
0.036719
0.465287
0.478465
0.629979
0.029219
0.633318
0.802611
0.047403
0.855883
0.370549
0.28141
0.66297
0.035522
0.440391
0.224976
0.049502
0.115953
0.918877
0.331785
0.618817
0.43191
0.230849
0.82459
0.045139
0.159145
0.510325
0.509867
0.859364
0.734074
0.14664
0.932187
0.041138
0.420256
0.628944
0.647477
0.452269
0.046136
0.83386
0.522919
0.252873
0.712929
0.714589
0.88627
0.020731
0.577155
0.944468
0.293668
0.154708
0.649263
0.443965
0.662555
0.284676
0.917954
0.877326
0.525095
0.833227
0.009202
0.143564
0.197548
0.57858
0.019669
0.606204
0.732319
0.053426
0.126095
0.307167
0.621955
0.881059
0.065423
0.692431
0.358143
0.698001
0.604836
0.440544
0.113812
0.141405
0.676532
0.82982
0.012723
0.489912
0.938993
0.706023
0.678466
0.938203
0.144657
0.519543
0.013592
0.158355
0.843326
0.089588
0.449617
0.755211
0.631294
0.722606
0.229949
0.458323
0.368107
0.063144
0.640322
0.409631
0.526023
0.587581
0.485103
0.703888
0.111649
0.964627
0.522874
0.41795
0.404916
0.601248
0.021006
0.725385
0.097439
0.568595
0.066445
0.334494
0.280502
0.759806
0.778749
0.410629
0.132295
0.569972
0.111428
0.347859
0.084714
0.608314
0.498957
0.240341
0.711945
0.953597
0.209348
0.670368
0.576204
0.246006
0.895962
0.477932
0.790438
0.472225
0.507286
0.505714
0.113447
0.645148
0.409687
0.923796
0.979791
0.705653
0.305691
0.629951
0.985036
0.88109
0.289125
0.394279
0.996277
0.423607
0.168504
0.870977
0.238567
0.121164
0.011329
0.335472
0.419767
0.225069
0.714497
0.021673
0.199533
0.470091
0.289826
0.231988
0.082524
0.67668
0.468728
0.971857
0.121624
0.019553
0.176344
0.720874
0.653858
0.422887
0.403023
0.094203
0.659841
0.699574
0.009772
0.570828
0.237053
0.990485
0.044392
0.16928
0.107832
0.779393
0.216259
0.936853
0.044965
0.260218
0.280283
0.384877
0.590856
0.115448
0.214348
0.550537
0.470704
0.828081
0.239576
0.194758
0.655781
0.494167
0.929061
0.75608
0.119795
0.728992
0.878235
0.072015
0.949519
0.667186
0.668841
0.552253
0.620244
0.24549
0.148512
0.442167
0.927313
0.926683
0.369248
0.050429
0.276891
0.774103
0.880618
0.331159
0.782271
0.318453
0.457323
0.008846
0.88648
0.972054
0.755757
0.513433
0.037558
0.840408
0.840532
0.353262
0.279832
0.656963
0.999447
0.195206
0.49266
0.224137
0.774179
0.844154
0.407538
0.182187
0.674011
0.518125
0.465112
0.147199
0.611207
0.30062
0.035582
0.26047
0.699166
0.418455
0.519107
0.973788
0.688299
0.041134
0.367285
0.458549
0.9796
0.626948
0.122387
0.371446
0.852163
0.451324
0.157996
0.835375
0.268455
0.844558
0.922825
0.401463
0.37993
0.838911
0.138918
0.44661
0.645612
0.379151
0.586105
0.930625
0.297562
0.985981
0.816487
0.68805
0.739694
0.778375
0.3859
0.461977
0.350172
0.058736
0.963707
0.700632
0.072687
0.243834
0.987959
0.732243
0.128172
0.78489
0.369842
0.309679
0.156084
0.861737
0.119519
0.673562
0.103142
0.058853
0.664887
0.221051
0.217467
0.935165
0.06542
0.587207
0.577349
0.384869
0.285198
0.446838
0.686423
0.953117
0.182367
0.626929
0.800789
0.818266
0.896718
0.18327
0.818702
0.9815
0.872708
0.939588
0.75969
0.314968
0.842176
0.61349
0.087538
0.511202
0.709167
0.060737
0.390364
0.649421
0.428692
0.357851
0.22101
0.048418
0.651914
0.412792
0.222321
0.311107
0.122169
0.544387
0.014378
0.982379
0.549387
0.003472
0.70455
0.039783
0.964901
0.722124
0.29629
0.515647
0.364282
0.672142
0.718865
0.90961
0.782785
0.089874
0.677754
0.69212
0.816095
0.481729
0.034246
0.122331
0.998557
0.763188
0.962804
0.807913
0.381647
0.103863
0.706047
0.919647
0.117448
0.0521
0.349745
0.740276
0.844976
0.294898
0.674009
0.274951
0.201674
0.972335
0.8019
0.979683
0.838024
0.810472
0.062964
0.274583
0.900159
0.462638
0.216752
0.40028
0.063502
0.356261
0.940147
0.34874
0.849903
0.030865
0.272399
0.053818
0.141362
0.422581
0.533013
0.762233
0.515402
0.801511
0.080216
0.522251
0.270261
0.100496
0.161477
0.02521
0.78252
0.187316
0.022641
0.614136
0.145445
0.227094
0.38847
0.134026
0.873222
0.657619
0.404985
0.440008
0.824439
0.457577
0.142731
0.802408
0.397579
0.3261
0.800178
0.151875
0.481959
0.111825
0.817727
0.093069
0.609444
0.330581
0.215344
0.881991
0.245459
0.893095
0.600623
0.109933
0.182211
0.227539
0.459133
0.666069
0.552704
0.826509
0.535188
0.661121
0.071058
0.873975
0.338695
0.386082
0.722782
0.014976
0.07257
0.052863
0.278087
0.519315
0.565211
0.017821
0.681973
0.060229
0.113817
0.424477
0.586758
0.079986
0.496896
0.718342
0.035854
0.246604
0.798073
0.284592
0.582034
0.819323
0.098361
0.538493
0.92908
0.835243
0.540345
0.158751
0.522634
0.905469
0.745259
0.795643
0.384216
0.066357
0.072747
0.508566
0.881807
0.569926
0.753106
0.391795
0.061049
0.717222
0.493132
0.332569
0.623027
0.839403
0.759199
0.612219
0.627771
0.313546
0.575015
0.108927
0.52702
0.063626
0.33652
0.189782
0.185454
0.341888
0.84269
0.990168
0.136531
0.711765
0.468545
0.670111
0.437204
0.060756
0.165455
0.410072
0.135227
0.160131
0.763862
0.362759
0.543421
0.758066
0.874849
0.512902
0.22716
0.443801
0.5395
0.413526
0.854556
0.552602
0.658801
0.065104
0.83317
0.194833
0.151873
0.783088
0.962781
0.087138
0.736599
0.759654
0.170666
0.239711
0.204263
0.167099
0.763966
0.710883
0.068602
0.073199
0.533168
0.578697
0.509719
0.142908
0.471385
0.998899
0.604569
0.08615
0.836017
0.719731
0.938307
0.078064
0.77255
0.706147
0.824543
0.92588
0.744679
0.589544
0.5276
0.585752
0.57057
0.503829
0.076175
0.743188
0.952025
0.494631
0.485313
0.562326
0.001458
0.095663
0.462409
0.382187
0.421007
0.854754
0.963008
0.092083
0.668781
0.561766
0.28342
0.153763
0.659137
0.681613
0.729752
0.754449
0.287066
0.027793
0.286721
0.372769
0.341167
0.025364
0.124648
0.118721
0.175357
0.006981
0.229348
0.569109
0.846381
0.861615
0.917141
0.461534
0.292345
0.012776
0.506014
0.532866
0.52691
0.14158
0.954007
0.99219
0.754463
0.289668
0.847159
0.603634
0.773464
0.978026
0.721934
0.121025
0.028366
0.759921
0.340782
0.864207
0.194901
0.189691
0.204587
0.555961
0.239186
0.533833
0.281978
0.148778
0.47803
0.676804
0.663087
0.262398
0.28598
0.581194
0.604073
0.025815
0.744054
0.350391
0.218789
0.571608
0.705781
0.411593
0.895276
0.165761
0.468073
0.587999
0.367272
0.972778
0.477638
0.861228
0.254741
0.753713
0.278025
0.438507
0.802456
0.373869
0.20808
0.333882
0.491956
0.857247
0.199508
0.048684
0.179741
0.866443
0.38938
0.093721
0.423359
0.909535
0.162856
0.034132
0.697074
0.279608
0.672053
0.45756
0.27009
0.717912
0.838896
0.767295
0.622861
0.05825
0.342971
0.984261
0.410783
0.658053
0.119784
0.805167
0.149621
0.250692
0.450523
0.008927
0.993308
0.963917
0.811326
0.929372
0.202289
0.640956
0.268201
0.119533
0.15937
0.273602
0.353197
0.521264
0.080082
0.310765
0.038046
0.423654
0.885856
0.841289
0.633453
0.244707
0.060819
0.166453
0.185334
0.702957
0.696863
0.075409
0.213753
0.259184
0.346618
0.215936
0.445934
0.803103
0.750293
0.313206
0.531692
0.435904
0.979869
0.630902
0.597718
0.856714
0.052922
0.991839
0.89665
0.299552
0.608384
0.87937
0.73745
0.18707
0.807863
0.626192
0.345571
0.66834
0.22864
0.463783
0.29455
0.990185
0.148313
0.253537
0.675061
0.215024
0.286014
0.049784
0.223143
0.142922
0.761505
0.255213
0.216237
0.42153
0.76092
0.020838
0.063797
0.734799
0.156758
0.715479
0.168709
0.649857
0.119753
0.74385
0.816355
0.171148
0.581537
0.727685
0.560118
0.301906
0.259548
0.080935
0.815274
0.945281
0.839436
0.307934
0.14762
0.29089
0.825252
0.932507
0.048869
0.427312
0.513979
0.826381
0.827744
0.296995
0.528535
0.846825
0.613875
0.26731
0.352145
0.116325
0.371011
0.529925
0.347016
0.981175
0.246727
0.260414
0.811544
0.671254
0.547724
0.971009
0.732842
0.949816
0.122968
0.771587
0.025115
0.590001
0.96135
0.317516
0.209505
0.343879
0.366195
0.067656
0.687285
0.180159
0.155875
0.101834
0.985811
0.958344
0.957936
0.154298
0.615479
0.379917
0.813564
0.708171
0.465903
0.011276
0.989886
0.965618
0.990888
0.40848
0.109512
0.259435
0.784255
0.890459
0.449882
0.003995
0.532406
0.305211
0.539406
0.59695
0.744527
0.212592
0.983046
0.777832
0.107636
0.26767
0.786894
0.825658
0.791203
0.230209
0.319487
0.634877
0.534882
0.948698
0.446977
0.147475
0.892906
0.87146
0.309982
0.838773
0.580016
0.122694
0.671822
0.955444
0.466302
0.947937
0.761025
0.986481
0.402149
0.381265
0.055405
0.411348
0.719506
0.31567
0.510665
0.114249
0.951989
0.768375
0.323397
0.979445
0.043874
0.024481
0.436534
0.089771
0.076808
0.515174
0.644682
0.638968
0.333121
0.740821
0.33747
0.138196
0.335917
0.28465
0.630935
0.748053
0.358632
0.979279
0.880143
0.599646
0.780563
0.586265
0.340652
0.781761
0.579911
0.927882
0.052089
0.265889
0.202142
0.270732
0.854036
0.416828
0.019046
0.902384
0.812559
0.893844
0.602642
0.26508
0.235162
0.685818
0.078106
0.714657
0.882589
0.743546
0.891225
0.958179
0.947808
0.173333
0.428377
0.490381
0.8657
0.238256
0.06085
0.896872
0.041366
0.476927
0.350352
0.721157
0.140629
0.094347
0.34884
0.702866
0.673249
0.405383
0.153353
0.586216
0.217498
0.518646
0.135303
0.370544
0.784181
0.637025
0.55373
0.82888
0.498837
0.32086
0.583321
0.355863
0.992789
0.810691
0.14051
0.722923
0.636848
0.038778
0.274796
0.116473
0.025908
0.272052
0.307421
0.913996
0.928339
0.423867
0.345874
0.013228
0.250982
0.947922
0.280191
0.171266
0.438716
0.884949
0.875845
0.733253
0.127003
0.071206
0.118027
0.334435
0.796447
0.737599
0.533433
0.644693
0.640355
0.729161
0.81819
0.991281
0.849407
0.356924
0.734372
0.743342
0.042006
0.457611
0.902554
0.670889
0.624501
0.581381
0.814184
0.101266
0.45242
0.353777
0.11507
0.587726
0.281983
0.965286
0.970057
0.977612
0.150626
0.430385
0.109044
0.221711
0.005868
0.727678
0.975738
0.001734
0.613831
0.183697
0.253117
0.269441
0.021843
0.495184
0.923338
0.088808
0.623984
0.598125
0.934873
0.751728
0.184097
0.186551
0.495962
0.998079
0.007709
0.060092
0.990968
0.312606
0.822453
0.636492
0.525069
0.693913
0.826006
0.903783
0.142695
0.994956
0.791233
0.806515
0.836466
0.91979
0.080117
0.561457
0.565883
0.027915
0.911241
0.680372
0.63884
0.645417
0.249985
0.54096
0.974046
0.411221
0.246285
0.191807
0.958748
0.297091
0.231689
0.703111
0.84368
0.331648
0.905638
0.782242
0.875947
0.931497
0.490282
0.561604
0.660611
0.69669
0.313845
0.436061
0.562996
0.763069
0.49442
0.578094
0.316322
0.320654
0.139284
0.291156
0.383018
0.705096
0.749201
0.67511
0.033133
0.548305
0.322878
0.172384
0.549539
0.83471
0.993613
0.43947
0.447167
0.351239
0.898385
0.645587
0.102301
0.941918
0.379004
0.73883
0.727994
0.182122
0.545648
0.439845
0.202965
0.572843
0.694975
0.724045
0.863865
0.12196
0.068228
0.335608
0.004602
0.227318
0.959097
0.439988
0.491439
0.105561
0.236819
0.866364
0.598885
0.62099
0.936878
0.51748
0.898916
0.260327
0.689854
0.431498
0.794882
0.172107
0.40836
0.669002
0.081467
0.643558
0.832703
0.668011
0.733362
0.123118
0.247773
0.960821
0.977887
0.913405
0.926881
0.178734
0.590514
0.957263
0.632641
0.084213
0.267367
0.718628
0.81066
0.964712
0.874992
0.020302
0.948753
0.098423
0.355281
0.842333
0.942494
0.159404
0.072187
0.507539
0.207401
0.368017
0.426923
0.384825
0.708668
0.912357
0.639637
0.226293
0.041288
0.667295
0.698064
0.520739
0.186578
0.520017
0.607474
0.793988
0.595524
0.674406
0.241266
0.615618
0.805035
0.151319
0.287825
0.181991
0.880101
0.327836
0.016844
0.737068
0.593019
0.765727
0.847057
0.76539
0.400269
0.767913
0.987383
0.845673
0.958274
0.071375
0.744795
0.288827
0.131206
0.83599
0.444718
0.20081
0.187155
0.620956
0.293598
0.408584
0.153394
0.353968
0.928287
0.766529
0.107137
0.393037
0.843207
0.721045
0.515108
0.656801
0.36376
0.652643
0.603385
0.456427
0.34328
0.437708
0.138423
0.100656
0.300841
0.876198
0.930798
0.565287
0.288503
0.1169
0.835147
0.519372
0.379175
0.978473
0.012932
0.782605
0.299997
0.112346
0.749079
0.85188
0.401234
0.282658
0.169198
0.47972
0.846925
0.648755
0.79101
0.413237
0.64111
0.827386
0.961766
0.309537
0.862197
0.684576
0.882866
0.531935
0.268119
0.261255
0.103544
0.001089
0.256191
0.972083
0.077394
0.526134
0.014113
0.233506
0.618682
0.073109
0.582387
0.974934
0.869813
0.241484
0.463409
0.066017
0.696963
0.814264
0.358826
0.553382
0.267821
0.623185
0.594256
0.741756
0.933531
0.127702
0.799295
0.577273
0.43637
0.044945
0.450719
0.494867
0.895317
0.087587
0.95815
0.876994
0.983619
0.367488
0.073913
0.537527
0.205613
0.305251
0.542681
0.192537
0.204464
0.949277
0.071475
0.708747
0.588166
0.452643
0.896921
0.030822
0.848053
0.082101
0.454189
0.080256
0.562221
0.540721
0.910814
0.591439
0.225705
0.574181
0.618672
0.804644
0.729899
0.800434
0.858638
0.170969
0.725612
0.453453
0.605014
0.740903
0.847343
0.26398
0.420597
0.706039
0.050759
0.013698
0.008296
0.64253
0.121008
0.393954
0.39149
0.365266
0.746452
0.676142
0.172882
0.943346
0.420524
0.358083
0.830351
0.350241
0.833864
0.389222
0.548391
0.426196
0.349529
0.797176
0.654978
0.315722
0.616003
0.539147
0.336259
0.309667
0.365877
0.183959
0.935257
0.069181
0.972513
0.593916
0.805796
0.538005
0.392633
0.120447
0.389177
0.459867
0.709717
0.953454
0.908639
0.30936
0.611255
0.171508
0.835454
0.617535
0.782289
0.728527
0.070524
0.127544
0.378376
0.082283
0.606663
0.951011
0.452991
0.421072
0.289255
0.912432
0.457581
0.477101
0.176789
0.566726
0.706855
0.728622
0.917808
0.954182
0.007604
0.387573
0.507096
0.017403
0.48623
0.945468
0.761452
0.746419
0.018328
0.207487
0.864229
0.541033
0.5631
0.683216
0.367802
0.983539
0.136016
0.922192
0.114454
0.200301
0.115073
0.883403
0.638714
0.257303
0.069162
0.710107
0.747928
0.582622
0.32145
0.344816
0.142927
0.237856
0.016381
0.264017
0.136931
0.970943
0.545781
0.238179
0.758347
0.374342
0.807735
0.429816
0.781943
0.145462
0.921319
0.330865
0.522894
0.400274
0.700911
0.010349
0.549484
0.226429
0.405766
0.894282
0.822814
0.178796
0.023642
0.832007
0.155619
0.218169
0.621732
0.516597
0.297359
0.673019
0.103796
0.421741
0.39904
0.164507
0.049296
0.293445
0.088738
0.076567
0.178524
0.892142
0.89762
0.075734
0.387096
0.119293
0.316257
0.389495
0.223884
0.88224
0.332359
0.037267
0.148337
0.052102
0.903546
0.974744
0.896337
0.651696
0.452618
0.160179
0.808128
0.97395
0.137775
0.880277
0.027531
0.676021
0.346552
0.283736
0.068564
0.020267
0.58978
0.962055
0.363772
0.340496
0.730645
0.590104
0.057941
0.50035
0.273989
0.093019
0.491594
0.580439
0.262258
0.541387
0.530526
0.281798
0.177063
0.99322
0.140831
0.565477
0.129092
0.799144
0.383284
0.861538
0.534159
0.466262
0.306593
0.775484
0.419473
0.036549
0.055962
0.596086
0.481717
0.077215
0.881564
0.065836
0.027369
0.803339
0.630943
0.813708
0.965677
0.557149
0.740016
0.569641
0.096038
0.853724
0.699277
0.781137
0.034039
0.469444
0.464954
0.534599
0.254222
0.597397
0.309291
0.747491
0.892667
0.923048
0.159792
0.442154
0.148784
0.583813
0.56418
0.538067
0.353237
0.367811
0.035969
0.006586
0.027705
0.17988
0.685002
0.42065
0.552252
0.757082
0.717914
0.901703
0.377332
0.851242
0.605463
0.217004
0.070015
0.612702
0.45676
0.312792
0.867806
0.707279
0.414913
0.88219
0.828469
0.777562
0.694218
0.661482
0.110547
0.220004
0.215953
0.024389
0.396821
0.890876
0.668019
0.10117
0.981733
0.277007
0.213053
0.087858
0.583841
0.871329
3.21E-4
0.630684
0.515653
0.978596
0.098609
0.171694
0.44575
0.943256
0.460498
0.923814
0.621857
0.839297
0.052814
0.707064
0.088608
0.991001
0.343714
0.222392
0.130001
0.303872
0.923781
0.465536
0.894097
0.27663
0.156679
0.890559
0.916302
0.738001
0.404294
0.6212
0.047614
0.806127
0.552011
0.477881
0.115494
0.303796
0.271623
0.839202
0.497576
0.87926
0.702597
0.388981
0.672207
0.380298
0.006783
0.613371
0.724848
0.608247
0.557356
0.507318
0.735668
0.439105
0.359662
0.325583
0.951189
0.440393
0.66983
0.370804
0.651628
0.53531
0.676413
0.749525
0.665641
0.969854
0.540982
0.746875
0.55543
0.823875
0.055523
0.971508
0.597749
0.573677
0.667635
0.704713
0.820109
0.761623
0.648961
0.950995
0.516526
0.657274
0.737931
0.532242
0.863452
0.904993
0.674813
0.193489
0.48407
0.544495
0.665244
0.095576
0.0679
0.463713
0.95781
0.258447
0.442741
0.29744
0.401927
0.488559
0.81722
0.020545
0.064158
0.074869
0.264798
0.001187
0.724319
0.070069
0.903837
0.077278
0.347067
0.287229
0.643404
0.298573
0.430407
0.236734
0.810742
0.337092
0.469399
0.104381
0.453913
0.210195
0.641558
0.528709
0.621878
0.883482
0.219831
0.374134
0.464332
0.524783
0.149711
0.916188
0.564909
0.665871
0.688941
0.856108
0.523878
0.295105
0.001462
0.36429
0.440289
0.952095
0.121627
0.915564
0.608522
0.224557
0.760418
0.02399
0.440514
0.657888
0.012262
0.110849
0.352445
0.979595
0.139254
0.646733
0.113495
0.713549
0.258989
0.397101
0.944287
0.713166
0.942852
0.070411
0.473928
0.877927
0.443572
0.9189
0.517122
0.334295
0.513958
0.874333
0.516585
0.659896
0.553199
0.614485
0.411047
0.308977
0.122734
0.550873
0.63543
0.257461
0.710641
0.104229
0.937294
0.027548
0.991633
0.791419
0.702463
0.674669
0.72919
0.585997
0.52278
0.023666
0.896993
0.734313
0.810197
0.426465
0.558765
0.710066
0.363994
0.580082
0.53876
0.272415
0.931674
0.491658
0.939597
0.656251
0.969125
0.506341
0.119739
0.76795
0.001943
0.424149
0.829905
0.885896
0.217344
0.12358
0.825793
0.772312
0.174869
0.782583
0.423965
0.291391
0.814142
0.741571
0.148381
0.598455
0.259224
0.288577
0.826974
0.715859
0.271636
0.163169
0.240856
0.843547
0.587934
0.373677
0.703122
0.06569
0.792734
0.001321
0.749911
0.209534
0.824394
0.025212
0.463278
0.488554
0.688085
0.843799
0.813605
0.219277
0.459777
0.091181
0.808693
0.339565
0.204712
0.550794
0.167341
0.67591
0.005213
0.454356
0.697122
0.908253
0.895224
0.220548
0.549243
0.963078
0.132768
0.735733
0.047786
0.128987
0.906534
0.608173
0.846295
0.533718
0.26912
0.437498
0.751563
0.74752
0.816967
0.032811
0.672689
0.185032
0.395834
0.685672
0.802825
0.666304
0.900685
0.058284
0.321757
0.967303
0.060156
0.982569
0.619326
0.441233
0.948318
0.482416
0.282908
0.824232
0.850214
0.629249
0.866541
0.15247
0.022721
0.420147
0.764979
0.312421
0.838548
0.728104
0.352871
0.122018
0.778747
0.515632
0.917393
0.997689
0.747868
0.92574
0.812117
0.20068
0.225967
0.568447
0.690543
0.375853
0.842944
0.306311
0.639622
0.597084
0.063213
0.109089
0.526804
0.415645
0.802542
0.095464
0.8985
0.471405
0.963875
0.708903
0.323575
0.07142
0.075305
0.085042
0.162347
0.766466
0.440847
0.059605
0.359766
0.363295
0.47349
0.938714
0.010851
0.998846
0.170028
0.107551
0.127124
0.872407
0.00846
0.788676
0.244695
0.982678
0.901291
0.777916
0.257821
0.748909
0.221853
0.783588
0.13617
0.708779
0.335815
0.073925
0.98969
0.580393
0.516311
0.497902
0.281895
0.851765
0.598697
0.586313
0.860536
0.71837
0.239695
0.36273
0.874063
0.627821
0.185748
0.698148
0.572911
0.910484
0.52669
0.528417
0.456602
0.975768
0.513373
0.02019
0.22077
0.336106
0.151689
0.818973
0.482675
0.284092
0.450447
0.841933
0.319407
0.392959
0.896885
0.688518
0.239908
0.136589
0.461095
0.633492
0.33009
0.832443
0.189467
0.339894
0.959772
0.799284
0.237273
0.883483
0.620778
0.091312
0.011814
0.415612
0.177502
0.421271
0.95007
0.808069
0.054355
0.917349
0.338624
0.921271
0.658983
0.172145
0.498621
0.716302
0.64576
0.636713
0.60485
0.291627
0.460991
0.788673
0.385555
0.066945
0.979444
0.660597
0.958375
0.759448
0.941202
0.253358
0.097867
0.50191
0.328537
0.078865
0.301316
0.437328
0.784379
0.577562
0.122134
0.391482
0.66715
0.438323
0.373874
0.772604
0.361135
0.911833
0.972975
0.676469
0.017209
0.05327
0.384626
0.285541
0.985691
0.456102
0.863655
0.042458
0.821225
0.446002
0.941181
0.750933
0.889015
0.892402
0.897758
0.711307
0.282416
0.764906
0.285083
0.233285
0.973771
0.312759
0.910813
0.385048
0.863579
0.27782
0.084894
0.635725
0.667467
0.864926
0.340794
0.127354
0.386119
0.2883
0.291339
0.672805
0.440219
0.588602
0.756398
0.217713
0.420644
0.072458
0.808434
0.427354
0.803531
0.164799
0.921998
0.263486
0.910535
0.684022
0.984504
0.901519
0.856497
0.551016
0.528196
0.104991
0.219886
0.725282
0.176983
0.222179
0.69584
0.724867
0.966857
0.29877
0.047235
0.431569
0.894919
0.410863
0.256182
0.008825
0.779551
0.214202
0.896477
0.666934
0.273081
0.878342
0.396957
0.698746
0.658308
0.028615
0.046384
0.678668
0.881575
0.054048
0.302381
0.96881
0.127572
0.156049
0.210119
0.708337
0.12488
0.810475
0.510866
0.275554
0.286289
0.894836
0.326159
0.806977
0.734202
0.592721
0.140303
0.733643
0.239009
0.329139
0.172035
0.452103
0.107057
0.41332
0.125617
0.186041
0.09493
0.769621
0.742298
0.8142
0.497999
0.122533
0.534981
0.941228
0.663776
0.268393
0.582101
0.770342
0.314373
0.614243
0.281133
0.400134
0.227414
0.993397
0.517827
0.012599
0.021033
0.877613
0.794156
0.045435
0.016136
0.497379
0.476147
0.848887
0.407899
0.054667
0.472171
0.515876
0.268483
0.166615
0.332932
0.54392
0.224286
0.913947
0.976315
0.738261
0.003542
0.384539
0.983409
0.297917
0.433893
0.400401
0.686435
0.339788
0.884608
0.195431
0.074986
0.210721
0.594365
0.171664
0.883885
0.813375
0.803126
0.503328
0.094134
0.828991
0.115337
0.280881
0.47785
0.158622
0.06181
0.091299
0.748741
0.12411
0.39886
0.416232
0.341586
0.971088
0.285857
0.99626
0.83735
0.998487
0.116123
0.357317
0.574994
0.202525
0.441145
0.024467
0.046669
0.667883
0.124365
0.558554
0.259934
0.06472
0.588345
0.442857
0.368783
0.517445
0.777902
0.019744
0.524677
0.799618
0.251833
0.131383
0.079457
0.279076
0.637154
0.853971
0.983909
0.288371
0.532309
0.731505
0.468938
0.627822
0.829591
0.212978
0.87069
0.721966
0.342054
0.575999
0.766671
0.544915
0.566509
0.480181
0.426773
0.806104
0.391693
0.435219
0.951328
0.045143
0.569526
0.891485
0.367695
0.222966
0.807399
0.364996
0.38756
0.116182
0.410714
0.994046
0.489042
0.322535
0.507443
0.19131
0.48087
0.967573
0.020281
0.603147
0.730287
0.266135
0.71697
0.416899
0.792029
0.936977
0.86569
0.167327
0.262624
0.094823
0.249944
0.584961
0.302424
0.65138
0.556141
0.701944
0.417195
0.445311
0.437141
0.385107
0.77176
0.290893
0.876303
0.701306
0.520105
0.886068
0.829106
0.03671
0.379503
0.052815
0.503227
0.689534
0.950657
0.09625
0.05298
0.73483
0.091495
0.163597
0.910315
0.320323
0.989191
0.360124
0.452108
0.193838
0.443125
0.036392
0.212284
0.18574
0.270939
0.099639
0.38732
0.573929
0.680472
0.421813
0.955
0.744226
0.912312
0.417802
0.328805
0.325659
0.450831
0.649581
0.104118
0.027954
0.626011
0.875509
0.117484
0.737663
0.484016
0.308713
0.73641
0.039709
0.391379
0.974495
0.024778
0.222726
0.955857
0.963897
0.187697
0.999429
0.49639
0.069058
0.489681
0.627343
0.475292
0.755721
0.661301
0.850577
0.017696
0.679203
0.662055
0.099936
0.88646
0.982406
0.550901
0.686496
0.055123
0.42788
0.131038
0.30289
0.327206
0.010709
0.981718
0.006901
0.28703
0.074957
0.467478
0.003541
0.2354
0.113631
0.323931
0.964671
0.662939
0.370595
0.459305
0.329304
0.244473
0.082615
0.682224
0.013088
0.299836
0.700665
0.168731
0.222069
0.159585
0.711864
0.615377
0.613683
0.898553
0.746892
0.190208
0.877036
0.455827
0.502455
0.589803
0.914855
0.246641
0.634348
0.738023
0.201147
0.989861
0.183889
0.920941
0.561396
0.624127
0.288977
0.44246
0.576262
0.866403
0.900749
0.206405
0.045108
0.178582
0.977794
0.983423
0.462238
0.650969
0.162106
0.504809
0.256641
0.585883
0.254422
0.940426
0.625075
0.370263
0.901347
0.764153
0.148729
0.563097
0.782613
0.487862
0.025274
0.99165
0.244064
0.253694
0.670963
0.049878
0.760427
0.814451
0.65157
0.323083
0.83167
0.003206
0.386271
0.124783
0.917699
0.39578
0.8352
0.524915
0.7984
0.50352
0.429257
0.972933
0.309484
0.498836
0.829845
0.674997
0.749346
0.172277
0.716551
0.471395
0.378098
0.547436
0.692428
0.078461
0.337184
0.338771
0.569329
0.208718
0.006449
0.227474
0.749902
0.263598
0.285261
0.75181
0.158162
0.005014
0.535282
0.46087
0.187193
0.855249
0.954671
0.864494
0.430348
0.248995
0.967019
0.627146
0.541459
0.767089
0.803014
0.39981
0.429879
0.618368
0.828832
0.661526
0.137812
0.404241
0.332456
0.950962
0.170212
1.0E-5
0.417618
0.908466
0.751665
0.8176
0.374776
0.62033
0.46998
0.676302
0.399524
0.859526
0.032858
0.001288
0.811039
0.950981
0.411822
0.094055
0.986684
0.154485
0.476722
0.77465
0.073558
0.654615
0.334468
0.782417
0.163821
0.474605
0.977233
0.940176
0.027798
0.889873
0.518253
0.236173
0.687369
0.206956
0.247415
0.658779
0.081883
0.094904
0.974201
0.830851
0.829777
0.0087
0.642149
0.233826
0.621358
0.628095
0.996843
0.086025
0.091641
0.650248
0.168544
0.745321
0.116866
0.720882
0.39093
0.843232
0.354336
0.766192
0.719019
0.225658
0.502383
0.496528
0.53218
0.174913
0.195789
0.392919
0.812268
0.318345
0.671699
0.058798
0.672241
0.090771
0.342052
0.421813
0.377248
0.611102
0.190756
0.904416
0.147998
0.357962
0.477344
0.34695
0.365352
0.084747
0.573545
0.16323
0.405404
0.001524
0.885201
0.936199
0.225934
0.36927
0.719179
0.419966
0.997977
0.301449
0.643399
0.704625
0.530319
0.7485
0.357833
0.121511
0.970125
0.352802
0.345309
0.319107
0.279478
0.104783
0.603173
0.823596
0.285455
0.5053
0.570333
0.313079
0.680509
0.245058
0.958964
0.780811
0.210215
0.248746
0.576082
0.740286
0.427091
0.299756
0.377484
0.633847
0.81204
0.360737
0.934951
0.646491
0.76905
0.135918
0.217421
0.197873
0.984147
0.383045
0.087744
0.488001
0.906219
0.975937
0.198899
0.605952
0.655132
0.743078
0.037018
0.875946
0.491723
0.663339
0.703288
0.311409
0.09454
0.086825
0.652779
0.275215
0.279865
0.267002
0.015466
0.703052
0.474349
0.639701
0.313211
0.536936
0.203748
0.965218
0.35617
0.337148
0.096534
0.661683
0.853081
0.393432
0.417821
0.40101
0.802117
0.040077
0.946861
0.313159
0.04247
0.294537
0.090464
0.950114
0.441524
0.385544
0.485075
0.497884
0.06851
0.214193
0.981808
0.59301
0.362705
0.300282
0.831627
0.499455
0.742754
0.306227
0.09192
0.332443
0.323393
0.802136
0.761111
0.477711
0.406856
0.53822
0.914519
0.347805
0.198439
0.124435
0.162547
0.141465
0.75921
0.682365
0.081377
0.327815
0.553551
0.73057
0.876691
0.163971
0.075205
0.292232
0.432566
0.672875
0.94273
0.972666
0.070506
0.157532
0.543745
0.544333
0.797704
0.508536
0.777049
0.398272
0.558967
0.273662
0.692713
0.073407
0.023344
0.701455
0.862444
0.958967
0.734339
0.745199
0.126
0.180321
0.031695
0.319265
0.954168
0.62478
0.013107
0.936786
0.044791
0.041498
0.945788
0.225764
0.925557
0.158355
0.96069
0.720112
0.275737
0.798779
0.566282
0.752819
0.398782
0.052732
0.504114
0.240332
0.778687
0.658617
0.735042
0.640401
0.935221
0.886686
0.892788
0.390071
0.856628
0.379524
0.370656
0.686151
0.133125
0.601507
0.317549
0.557405
0.540485
0.776661
0.211041
0.795888
0.230231
0.453128
0.348121
0.464244
0.871453
0.122495
0.5483
0.376464
0.058963
0.643529
0.599158
0.161511
0.053498
0.572405
0.490984
0.262371
0.451904
0.885288
0.285017
0.497528
0.6987
0.994176
0.538916
0.617501
0.445171
0.403221
0.573415
0.626008
0.63808
0.830247
0.505728
0.503482
0.87736
0.126995
0.898139
0.370076
0.020578
0.871666
0.074276
0.055974
0.231723
0.07862
0.640957
0.508703
0.672835
0.072609
0.520081
0.460351
0.819213
0.208744
0.842878
0.301976
0.942429
0.784411
0.38796
0.168162
0.650083
0.18564
0.854939
0.821608
0.497235
0.037992
0.156999
0.045781
0.591662
0.890792
0.088653
0.903083
0.80355
0.753588
0.179018
0.396658
0.659999
0.625004
0.276287
0.785858
0.255648
0.006697
0.425699
0.048569
0.542995
0.27891
0.901123
0.758013
0.179423
0.729148
0.829521
0.947276
0.702713
0.971821
0.707858
0.371774
0.182765
0.474189
0.253665
0.947997
0.654496
0.912791
0.453298
0.04629
0.575345
0.124515
0.376035
0.746109
0.270568
0.487825
0.307508
0.124095
0.83044
0.672127
0.022572
0.138465
0.205758
0.827121
0.565563
0.697649
0.311474
0.448941
0.73499
0.056753
0.793024
0.356268
0.580069
0.772358
0.735929
0.437046
0.608112
0.064293
0.006405
0.085295
0.074603
0.582498
0.099269
0.537516
0.681955
0.257678
0.339087
0.639473
0.248226
0.126433
0.031547
0.926693
0.423719
0.76467
0.694216
0.285798
0.331236
0.237534
0.809348
0.878833
0.084831
0.279756
0.63613
0.459034
0.502302
0.757222
0.495718
0.684029
0.968216
0.328763
0.599657
0.541241
0.327153
0.626516
0.930745
0.540318
0.890934
0.203952
0.905135
0.898686
0.128956
0.962511
0.545438
0.548876
0.377353
0.760983
0.676822
0.430048
0.950566
0.43619
0.221574
0.191204
0.367998
0.519166
0.012332
0.129819
0.018777
0.517969
0.670147
0.917223
0.479258
0.756405
7.77E-4
0.420806
0.870755
0.407381
0.051103
0.723168
0.099075
0.540232
0.437248
0.259652
0.55279
0.71332
0.806997
0.848197
0.853798
0.886347
0.331312
0.269265
0.551533
0.20123
0.933232
0.968626
0.231346
0.486071
0.557162
0.402071
0.367871
0.17366
0.157541
0.518677
0.395836
0.694102
0.243096
0.888002
0.893602
0.300591
0.751372
0.016676
0.478837
0.718007
0.747962
0.471109
0.001058
0.96593
0.945814
0.525573
0.882404
0.200828
0.322242
0.188731
0.005833
0.446589
0.174742
0.626711
0.379044
0.638232
0.801417
0.197094
0.912782
0.49055
0.617827
0.535757
0.043778
0.321594
0.92928
0.397281
0.605435
0.110325
0.766063
0.239672
0.303455
0.748431
0.158847
0.865448
0.388991
0.65821
0.982473
0.783658
0.638459
0.691585
0.028528
0.341219
0.547043
0.499749
0.280657
0.086969
0.721992
0.368565
0.461203
0.278143
0.822192
0.851809
0.793822
0.916499
0.032061
0.402457
0.583878
0.210137
0.980707
0.601675
0.656962
0.897054
0.221349
0.515803
0.915552
0.437813
0.871389
0.173562
0.274843
0.687206
0.780106
0.148855
0.020983
0.288593
0.638786
0.758967
0.198444
0.699651
0.777236
0.443618
0.977971
0.454526
9.34E-4
0.477251
0.082518
0.99496
0.714721
0.28508
0.255853
0.161707
0.751752
0.282869
0.44692
0.227642
0.78054
0.341037
0.85284
0.175206
0.898281
0.685644
0.214367
0.773415
0.03525
0.291923
0.789857
0.893413
0.092895
0.6005
0.247283
0.416607
0.317377
0.692045
0.308554
0.035712
0.270651
0.893059
0.356379
0.226568
0.902766
0.153641
0.371128
0.677371
0.651942
0.4375
0.503639
0.502027
0.203065
0.795146
0.309627
0.635583
0.520593
0.753096
0.17235
0.912282
0.038484
0.145102
0.722379
0.460532
0.437574
0.535833
0.126847
0.214134
0.26999
0.943083
0.965213
0.535424
0.800465
0.651513
0.034624
0.173475
0.826094
0.52908
0.835121
0.039357
0.908856
0.40675
0.673463
0.570427
0.409389
0.762712
0.294025
0.776961
0.945809
0.164269
0.696246
0.416953
0.417989
0.663708
0.330291
0.128699
0.535567
0.618903
0.176096
0.765832
0.867034
0.215031
0.305668
0.625745
0.787639
0.300715
0.404516
0.739909
0.345405
0.020083
0.385284
0.903337
0.987442
0.12162
0.665166
0.660533
0.292822
0.755368
0.898375
0.036517
0.343635
0.031949
0.955952
0.404074
0.132461
0.610037
0.727391
0.512163
0.452318
0.10333
0.882067
0.365448
0.044271
0.153723
0.073144
0.341222
0.38824
0.604318
0.192656
0.657525
0.414115
0.324053
0.193645
0.065035
0.583183
0.885153
0.683743
0.425365
0.243928
0.475269
0.964292
0.659689
0.901666
0.138085
0.440093
0.404147
0.058017
0.679344
0.357071
0.592273
0.574137
0.349639
0.63866
0.099735
0.090676
0.721007
0.186406
0.532961
0.897804
0.011249
0.386268
0.220756
0.790271
0.478087
0.719343
0.476824
0.865257
0.404664
0.314196
0.241121
0.924947
0.628575
0.997701
0.27928
0.131046
0.528517
0.902314
0.221875
0.825109
0.875813
0.969853
0.859077
0.976365
0.982488
0.755427
0.271301
0.547851
0.133221
0.779796
0.572734
0.182002
0.37544
0.304487
0.272165
0.998463
0.359954
0.811172
0.514331
0.969707
0.073962
0.655325
0.75503
0.294199
0.988922
0.333876
0.744556
0.422137
0.357699
0.557565
0.046518
0.905445
0.138543
0.850934
0.702927
0.041536
0.297896
0.716363
0.071458
0.359442
0.049669
0.493279
0.307079
0.357301
0.92555
0.919652
0.437797
0.54174
0.439072
0.060114
0.493033
0.742599
0.505581
0.703519
0.683202
0.880508
0.710901
0.552479
0.200351
0.850178
0.983427
0.528394
0.812244
0.948895
0.217514
0.29772
0.056081
0.327539
0.920469
0.688696
0.503078
0.270552
0.011099
0.012477
0.261402
0.721629
0.484695
0.428594
0.61253
0.363523
0.777483
0.401884
0.434867
0.733191
0.313006
0.98654
0.858483
0.307609
0.893535
0.142601
0.416167
0.230952
0.311567
0.541236
0.808478
0.370409
0.799572
0.347368
0.284302
0.68579
0.710625
0.281672
0.553441
0.477153
0.128178
0.858709
0.094075
0.93504
0.940173
0.073921
0.695427
0.559521
0.28083
0.969466
0.084823
0.437092
0.142895
0.447317
0.528301
0.068565
0.393755
0.417799
0.365276
0.42645
0.390782
0.872698
0.540259
0.186931
0.884404
0.754323
0.328458
0.629387
0.921823
0.555349
0.617089
0.525502
0.019969
0.429029
0.300543
0.450377
0.96319
0.215313
0.575086
0.339641
0.199334
0.195651
0.17755
0.789432
0.957313
0.577732
0.902522
0.55018
0.889875
0.681136
0.053818
0.900533
0.257254
0.545853
0.838584
0.104314
0.410509
0.217859
0.096131
0.95128
0.607787
0.27938
0.168675
0.461555
0.002408
0.286267
0.167422
0.193937
0.978589
0.650808
0.364994
0.239909
0.878771
0.16558
0.953959
0.908022
0.565952
0.80241
0.951301
0.307416
0.195072
0.640218
0.599912
0.524601
0.029416
0.776526
0.220767
0.85423
0.131182
0.859616
0.10321
0.592432
0.279734
0.44181
0.685816
0.230381
0.52678
0.69907
0.976603
0.496135
0.384574
0.18809
0.888877
0.584375
0.761446
0.219278
0.927821
0.086519
0.408361
0.112509
0.452932
0.587801
0.820858
0.072239
0.562745
0.633249
0.252676
0.669584
0.500784
0.781089
0.740485
0.951141
0.365497
0.759985
0.813602
0.007856
0.821947
0.325574
0.868196
0.431933
0.45935
0.272166
0.022436
0.46578
0.416053
0.197034
0.637174
0.804198
0.902369
0.037589
0.58617
0.949506
0.2917
0.105851
0.790562
0.739011
0.521684
0.329939
0.494142
0.165224
0.649631
0.67895
0.249228
0.891426
0.540309
0.295422
0.607273
0.928706
0.829168
0.68867
0.064069
0.785249
0.500406
0.452673
0.896286
0.024726
0.646781
0.363737
0.144252
0.577756
0.236902
0.386075
0.145322
0.338992
0.005733
0.067477
0.702801
0.552013
0.905372
0.042659
0.187353
0.235264
0.905671
0.878435
0.610941
0.434448
0.318077
0.292733
0.987802
0.400297
0.231097
0.858562
0.102592
0.88534
0.092089
0.664407
0.14277
0.629287
0.947616
0.044109
0.520439
0.759873
0.363386
0.412156
0.608291
0.274454
0.584855
0.444402
0.044962
0.987421
0.070831
0.32959
0.727001
0.329431
0.134985
0.583645
0.597854
0.166705
0.06395
0.966579
0.868643
0.372115
0.745725
0.370908
0.361213
0.224497
0.538401
0.160893
0.250808
0.838631
0.836756
0.333455
0.60393
0.735512
0.553053
0.044513
0.756318
0.351069
0.518435
0.498576
0.756674
0.751153
0.632564
0.934768
0.813661
0.071651
0.441728
0.459074
0.926873
0.23476
0.709395
0.770454
0.656877
0.305975
0.458263
0.407551
0.295111
0.451024
0.909123
0.003095
0.531311
0.828013
0.719398
0.174682
0.084335
0.907219
0.933004
0.103495
0.661629
0.649491
0.093238
0.55659
0.043286
0.693906
0.041657
0.093749
0.048514
0.206335
0.028478
0.466519
0.635554
0.322777
0.893799
0.764851
0.410436
0.184817
0.243994
0.695933
0.375675
0.409272
0.743918
0.490077
0.836913
0.460073
0.873087
0.32021
0.003653
0.797659
0.752813
0.794282
0.969669
0.869641
0.941281
0.034086
0.439344
0.976196
0.414878
0.089275
0.778078
0.794673
0.306586
0.951999
0.708085
0.880058
0.356071
0.235427
0.24533
0.77149
0.44113
0.658503
0.278979
0.42968
0.006436
0.839672
0.531697
0.606122
0.68307
0.543886
0.50725
0.40216
0.901124
0.450046
0.431321
0.714494
0.83768
0.710177
0.12207
0.483394
0.613782
0.056932
0.18893
0.660917
0.256529
0.982669
0.951256
0.598589
0.576242
0.561163
0.992876
0.117544
0.773656
0.812138
0.324258
0.868814
0.288412
0.119141
0.710917
0.717429
0.127645
0.102897
0.844838
0.791247
0.672258
0.52512
0.685141
0.523871
0.748504
0.251856
0.474833
0.49077
0.573808
0.040821
0.652437
0.088678
0.038264
0.933728
0.120439
0.14057
0.66707
0.332532
0.106921
0.322018
0.524186
0.417554
0.162387
0.899405
0.263767
0.425838
0.670731
0.646513
0.513512
0.449688
0.621444
0.963183
0.782808
0.838157
0.289577
0.158227
0.128626
0.988416
0.90063
0.578528
0.883388
0.29922
0.319478
0.767205
0.851574
0.325342
0.295566
0.115963
0.515638
0.719662
0.821074
0.540229
0.956815
0.378719
0.714354
0.55039
0.392715
0.317879
0.627924
0.718432
0.461127
0.19387
0.298396
0.94651
0.638246
0.0653
0.005199
0.132439
0.469573
0.935856
0.885561
0.796847
0.61304
0.860244
0.965174
0.987684
0.046426
0.909549
0.507103
0.310024
0.174957
0.090498
0.555924
0.242562
0.989967
0.39227
0.35974
0.99695
0.875857
0.494798
0.689635
0.052069
0.140054
0.31414
0.944294
0.152585
0.849523
0.483341
0.326928
0.999597
0.097381
0.071301
0.312306
0.08092
0.394475
0.327516
0.083615
0.089521
0.483318
0.007181
0.612027
0.160845
0.505566
0.878971
0.576276
0.723257
0.11925
0.346926
0.375192
0.100549
0.858288
0.728218
0.073083
0.131424
0.754313
0.62019
0.235986
0.97812
0.99967
0.962887
0.266257
0.984789
0.220443
0.857416
0.0236
0.915991
0.749697
0.935823
0.232581
0.156632
0.143632
0.094771
0.419803
0.486894
0.067138
0.703156
0.898371
0.859201
0.590307
0.972898
0.622904
0.198973
0.883697
0.042512
0.575295
0.626903
0.277736
0.464627
0.709547
0.657723
0.660399
0.211524
0.38348
0.868896
0.227363
0.016817
0.635714
0.252398
0.670106
0.85679
0.628277
0.963733
0.989984
0.641475
0.068361
0.464552
0.260076
0.733439
0.447114
0.118714
0.821665
0.74131
0.48909
0.146369
0.598468
0.145466
0.292832
0.466604
0.439313
0.70488
0.261257
0.366434
0.658706
0.26698
0.069923
0.122377
0.234806
0.556486
0.601924
0.670608
0.445597
0.754533
0.990053
0.17263
0.07658
0.195978
0.650071
0.855655
0.717119
0.310684
0.463303
0.820341
0.07759
0.013609
0.072461
0.603285
0.705783
0.108948
0.591515
0.157612
0.958551
0.91512
0.898571
0.572266
0.593472
0.240291
0.080162
0.289058
0.885351
0.042188
0.525995
0.796258
0.743661
0.591331
0.635131
0.778505
0.909562
0.723413
0.087722
0.485028
0.94494
0.81439
0.160853
0.641639
0.390937
0.440978
0.622704
0.576708
0.169722
0.299564
0.326153
0.357281
0.030818
0.848171
0.741105
0.638745
0.602064
0.308966
0.314256
0.619925
0.395342
0.122881
0.725654
0.965195
0.938492
0.68329
0.823337
0.806208
0.057364
0.192273
0.260497
0.968029
0.215751
0.780862
0.634024
0.377966
0.736001
0.613755
0.228955
0.210104
0.669364
0.55933
0.310266
0.694528
0.0627
0.147424
0.271603
0.677446
0.376937
0.960145
0.849973
0.956906
0.852737
0.305131
0.046068
0.138513
0.690083
0.006
0.351821
0.256545
0.011061
0.411326
0.379949
0.688087
0.708901
0.271372
0.014645
0.951271
0.451369
0.960839
0.758278
0.823455
0.302891
0.636331
0.035817
0.841119
0.657348
0.308753
0.836921
0.650534
0.432236
0.48377
0.225013
0.866668
0.764966
0.97753
0.923317
0.067593
0.773329
0.750206
0.399788
0.302566
0.294721
0.116531
0.615978
0.024238
0.90248
0.490321
0.879346
